symbol,start_date,end_date,digit_type,actual_frequencies,mad,entropy
FETUSDT,2024-01-01-00:00,2024-01-02-00:00,first,"[0.31228313671061764, 0.16585704371963914, 0.1179736294240111, 0.10617626648161, 0.07078417765440666, 0.06939625260235947, 0.07147814018043026, 0.047883414295628035, 0.03816793893129771]",0.0081011223765955,2.8609108088281574
FETUSDT,2024-01-01-00:00,2024-01-02-00:00,second,"[0.11727966689798751, 0.11727966689798751, 0.10964607911172797, 0.11380985426786953, 0.11450381679389313, 0.08813324080499653, 0.08813324080499653, 0.0916030534351145, 0.0791117279666898, 0.08049965301873699]",0.0058282232650771,3.3054587193917424
FETUSDT,2024-01-02-00:00,2024-01-03-00:00,first,"[0.2873004857737682, 0.18043025676613464, 0.11866759195003469, 0.11242192921582235, 0.08396946564885496, 0.05759888965995836, 0.0527411519777932, 0.05898681471200555, 0.047883414295628035]",0.0076887443375614,2.8940570178652067
FETUSDT,2024-01-02-00:00,2024-01-03-00:00,second,"[0.10825815405968078, 0.09784871616932686, 0.09715475364330327, 0.10201249132546843, 0.10201249132546843, 0.10895211658570438, 0.09507286606523248, 0.09715475364330327, 0.08743927827897294, 0.1040943789035392]",0.0083154182686028,3.319191658457765
FETUSDT,2024-01-03-00:00,2024-01-04-00:00,first,"[0.30742539902845245, 0.16238723108952116, 0.12283136710617627, 0.0922970159611381, 0.0798056904927134, 0.07147814018043026, 0.05135322692574601, 0.06037473976405274, 0.0520471894517696]",0.006014025459365,2.887436719106194
FETUSDT,2024-01-03-00:00,2024-01-04-00:00,second,"[0.12907702984038863, 0.12283136710617627, 0.10340041637751561, 0.12144344205412907, 0.08952116585704371, 0.0791117279666898, 0.08535739070090215, 0.08258154059680778, 0.09646079111727966, 0.09021512838306732]",0.0099122841258181,3.3006833670815334
FETUSDT,2024-01-04-00:00,2024-01-05-00:00,first,"[0.32546842470506593, 0.16863289382373353, 0.11242192921582235, 0.0936849410131853, 0.07564191533657183, 0.0659264399722415, 0.05968077723802915, 0.055517002081887576, 0.04302567661346287]",0.0067759419857629,2.84452561590926
FETUSDT,2024-01-04-00:00,2024-01-05-00:00,second,"[0.10964607911172797, 0.11450381679389313, 0.12144344205412907, 0.08466342817487855, 0.09854267869535045, 0.09715475364330327, 0.10131852879944483, 0.10062456627342123, 0.0916030534351145, 0.08049965301873699]",0.0071925088304835,3.3113812270473404
FETUSDT,2024-01-05-00:00,2024-01-06-00:00,first,"[0.32338653712699517, 0.16655100624566274, 0.11311589174184594, 0.09299097848716169, 0.0791117279666898, 0.07078417765440666, 0.054823039555863984, 0.049271339347675226, 0.04996530187369882]",0.0067559423999624,2.8513103466102168
FETUSDT,2024-01-05-00:00,2024-01-06-00:00,second,"[0.1304649548924358, 0.10687022900763359, 0.10895211658570438, 0.11034004163775156, 0.09854267869535045, 0.09854267869535045, 0.08535739070090215, 0.09299097848716169, 0.08882720333102012, 0.0791117279666898]",0.0045376734290576,3.3078341079743407
FETUSDT,2024-01-06-00:00,2024-01-07-00:00,first,"[0.3298611111111111, 0.17430555555555555, 0.10138888888888889, 0.08888888888888889, 0.07777777777777778, 0.06875, 0.049305555555555554, 0.058333333333333334, 0.05138888888888889]",0.0096547855623738,2.837696574538045
FETUSDT,2024-01-06-00:00,2024-01-07-00:00,second,"[0.11805555555555555, 0.12361111111111112, 0.11180555555555556, 0.09305555555555556, 0.08472222222222223, 0.10694444444444444, 0.08958333333333333, 0.09513888888888888, 0.08333333333333333, 0.09375]",0.0073023640914634,3.3091299368901015
FETUSDT,2024-01-07-00:00,2024-01-08-00:00,first,"[0.2817487855655795, 0.183206106870229, 0.131852879944483, 0.10201249132546843, 0.08049965301873699, 0.0777238029146426, 0.06384455239417071, 0.04510756419153366, 0.034004163775156145]",0.0082398878088374,2.884830493156962
FETUSDT,2024-01-07-00:00,2024-01-08-00:00,second,"[0.11519777931991672, 0.11658570437196392, 0.11589174184594032, 0.10756419153365718, 0.09090909090909091, 0.1040943789035392, 0.0777238029146426, 0.09507286606523248, 0.08952116585704371, 0.08743927827897294]",0.0059063067007692,3.3095203231494064
FETUSDT,2024-01-08-00:00,2024-01-09-00:00,first,"[0.3136710617626648, 0.17973629424011103, 0.10340041637751561, 0.08743927827897294, 0.08258154059680778, 0.07286606523247745, 0.05968077723802915, 0.05343511450381679, 0.04718945176960444]",0.0068909011021928,2.8644746643358627
FETUSDT,2024-01-08-00:00,2024-01-09-00:00,second,"[0.11519777931991672, 0.10825815405968078, 0.11242192921582235, 0.1054823039555864, 0.09993060374739764, 0.08674531575294935, 0.09854267869535045, 0.09299097848716169, 0.08743927827897294, 0.09299097848716169]",0.0041107464988566,3.3153213277246256
FETUSDT,2024-01-09-00:00,2024-01-10-00:00,first,"[0.3518390006939625, 0.17279666897987508, 0.10617626648161, 0.08258154059680778, 0.0659264399722415, 0.05065926439972242, 0.055517002081887576, 0.06037473976405274, 0.05412907702984039]",0.0152006241812928,2.7889884319013043
FETUSDT,2024-01-09-00:00,2024-01-10-00:00,second,"[0.12005551700208189, 0.12768910478834142, 0.09437890353920889, 0.09854267869535045, 0.09784871616932686, 0.1054823039555864, 0.09021512838306732, 0.09784871616932686, 0.08396946564885496, 0.08396946564885496]",0.0060954089677946,3.3089571162126448
FETUSDT,2024-01-10-00:00,2024-01-11-00:00,first,"[0.3108952116585704, 0.17210270645385148, 0.10340041637751561, 0.10340041637751561, 0.0777238029146426, 0.07217210270645386, 0.062456627342123525, 0.05898681471200555, 0.0388619014573213]",0.0075288677931,2.870929377295357
FETUSDT,2024-01-10-00:00,2024-01-11-00:00,second,"[0.11727966689798751, 0.11242192921582235, 0.11519777931991672, 0.1193615544760583, 0.09576682859125607, 0.09715475364330327, 0.09854267869535045, 0.08535739070090215, 0.07702984038861901, 0.08188757807078417]",0.0054107470625604,3.306192703356578
FETUSDT,2024-01-11-00:00,2024-01-12-00:00,first,"[0.3025676613462873, 0.17279666897987508, 0.1311589174184594, 0.09715475364330327, 0.0798056904927134, 0.07217210270645386, 0.048577376821651634, 0.047883414295628035, 0.047883414295628035]",0.0035507263074654,2.867292121906474
FETUSDT,2024-01-11-00:00,2024-01-12-00:00,second,"[0.12491325468424705, 0.10478834142956281, 0.11311589174184594, 0.10895211658570438, 0.10478834142956281, 0.0798056904927134, 0.09437890353920889, 0.08466342817487855, 0.09854267869535045, 0.08605135322692574]",0.0063323736764655,3.3090304520691785
FETUSDT,2024-01-12-00:00,2024-01-13-00:00,first,"[0.32130464954892435, 0.16585704371963914, 0.12005551700208189, 0.09784871616932686, 0.07494795281054822, 0.05968077723802915, 0.062456627342123525, 0.04233171408743928, 0.055517002081887576]",0.0078750108737472,2.848884269295981
FETUSDT,2024-01-12-00:00,2024-01-13-00:00,second,"[0.12491325468424705, 0.1193615544760583, 0.1304649548924358, 0.11103400416377515, 0.11380985426786953, 0.06870229007633588, 0.09021512838306732, 0.0922970159611381, 0.0798056904927134, 0.06939625260235947]",0.0109000031334872,3.2871332578970542
FETUSDT,2024-01-13-00:00,2024-01-14-00:00,first,"[0.28313671061762663, 0.16655100624566274, 0.1297709923664122, 0.10825815405968078, 0.0916030534351145, 0.06384455239417071, 0.05690492713393477, 0.05690492713393477, 0.04302567661346287]",0.0076343575297288,2.9108825755350343
FETUSDT,2024-01-13-00:00,2024-01-14-00:00,second,"[0.12144344205412907, 0.1193615544760583, 0.10617626648161, 0.11034004163775156, 0.11172796668979876, 0.09854267869535045, 0.0922970159611381, 0.09507286606523248, 0.07564191533657183, 0.06939625260235947]",0.0062504380086837,3.3014246477853426
FETUSDT,2024-01-14-00:00,2024-01-15-00:00,first,"[0.28353022932592076, 0.18485059068797777, 0.14454482279360667, 0.08617095205003475, 0.07644197359277276, 0.07157748436414177, 0.05211952744961779, 0.045170257123002086, 0.05559416261292564]",0.0095183965785294,2.8855033081220776
FETUSDT,2024-01-14-00:00,2024-01-15-00:00,second,"[0.10771369006254343, 0.12439193884642112, 0.10006949270326616, 0.08408617095205004, 0.08964558721334259, 0.1063238359972203, 0.10006949270326616, 0.08895066018068103, 0.09520500347463516, 0.103544127866574]",0.0106049836517295,3.313339883085364
FETUSDT,2024-01-15-00:00,2024-01-16-00:00,first,"[0.2963219986120749, 0.16238723108952116, 0.12491325468424705, 0.10687022900763359, 0.08813324080499653, 0.06453851492019431, 0.062456627342123525, 0.0527411519777932, 0.041637751561415685]",0.0055478934781772,2.8941892114809042
FETUSDT,2024-01-15-00:00,2024-01-16-00:00,second,"[0.12144344205412907, 0.11242192921582235, 0.10062456627342123, 0.10617626648161, 0.11450381679389313, 0.10340041637751561, 0.08952116585704371, 0.08188757807078417, 0.08396946564885496, 0.08605135322692574]",0.0051167351957278,3.3091717139332313
FETUSDT,2024-01-16-00:00,2024-01-17-00:00,first,"[0.2875, 0.16041666666666668, 0.1375, 0.10694444444444444, 0.07569444444444444, 0.06805555555555555, 0.06111111111111111, 0.05763888888888889, 0.04513888888888889]",0.0074022202951027,2.9102272725607103
FETUSDT,2024-01-16-00:00,2024-01-17-00:00,second,"[0.12291666666666666, 0.10902777777777778, 0.1076388888888889, 0.10555555555555556, 0.10694444444444444, 0.0875, 0.08055555555555556, 0.10208333333333333, 0.0875, 0.09027777777777778]",0.0056222810710125,3.310845444517144
FETUSDT,2024-01-17-00:00,2024-01-18-00:00,first,"[0.28521859819569745, 0.1707147814018043, 0.13740458015267176, 0.09854267869535045, 0.08882720333102012, 0.07633587786259542, 0.05690492713393477, 0.03747397640527411, 0.048577376821651634]",0.0079896535573377,2.89290415999333
FETUSDT,2024-01-17-00:00,2024-01-18-00:00,second,"[0.12283136710617627, 0.09923664122137404, 0.09993060374739764, 0.10270645385149202, 0.11034004163775156, 0.1040943789035392, 0.08674531575294935, 0.09437890353920889, 0.09507286606523248, 0.08466342817487855]",0.0064261615473321,3.313974947828847
FETUSDT,2024-01-18-00:00,2024-01-19-00:00,first,"[0.3039555863983345, 0.16308119361554477, 0.12421929215822346, 0.1040943789035392, 0.08188757807078417, 0.07286606523247745, 0.05968077723802915, 0.047883414295628035, 0.04233171408743928]",0.0045387543367115,2.8791602166731356
FETUSDT,2024-01-18-00:00,2024-01-19-00:00,second,"[0.11866759195003469, 0.11450381679389313, 0.10756419153365718, 0.09784871616932686, 0.10825815405968078, 0.10270645385149202, 0.10062456627342123, 0.08535739070090215, 0.08466342817487855, 0.0798056904927134]",0.0043685427435985,3.3105567531327296
FETUSDT,2024-01-19-00:00,2024-01-20-00:00,first,"[0.3199167244968772, 0.16793893129770993, 0.13601665510062458, 0.08605135322692574, 0.06870229007633588, 0.07702984038861901, 0.05898681471200555, 0.04510756419153366, 0.040249826509368494]",0.0091205701816767,2.833669989653147
FETUSDT,2024-01-19-00:00,2024-01-20-00:00,second,"[0.11380985426786953, 0.12074947952810548, 0.1040943789035392, 0.1040943789035392, 0.1040943789035392, 0.1040943789035392, 0.08674531575294935, 0.08466342817487855, 0.09715475364330327, 0.08049965301873699]",0.0055294791844334,3.3111056126070166
FETUSDT,2024-01-20-00:00,2024-01-21-00:00,first,"[0.3011797362942401, 0.16377515614156835, 0.11658570437196392, 0.10062456627342123, 0.08119361554476058, 0.08605135322692574, 0.05829285218598196, 0.04441360166551006, 0.047883414295628035]",0.0060906790960711,2.890905275747519
FETUSDT,2024-01-20-00:00,2024-01-21-00:00,second,"[0.13324080499653018, 0.10201249132546843, 0.10687022900763359, 0.10062456627342123, 0.10756419153365718, 0.08882720333102012, 0.10340041637751561, 0.08882720333102012, 0.07633587786259542, 0.0922970159611381]",0.0076285740327304,3.3071543391724383
FETUSDT,2024-01-21-00:00,2024-01-22-00:00,first,"[0.316340782122905, 0.18016759776536312, 0.11592178770949721, 0.09706703910614525, 0.08379888268156424, 0.057960893854748605, 0.055167597765363126, 0.052374301675977654, 0.04120111731843575]",0.0056407926953845,2.8386603921855906
FETUSDT,2024-01-21-00:00,2024-01-22-00:00,second,"[0.10824022346368715, 0.12011173184357542, 0.11731843575418995, 0.10963687150837989, 0.0935754189944134, 0.09706703910614525, 0.09567039106145252, 0.09287709497206705, 0.0914804469273743, 0.07402234636871509]",0.0058293668190673,3.30924084253566
FETUSDT,2024-01-22-00:00,2024-01-23-00:00,first,"[0.2954703832752613, 0.16376306620209058, 0.1337979094076655, 0.10034843205574913, 0.07386759581881533, 0.07665505226480836, 0.06411149825783972, 0.04878048780487805, 0.04320557491289199]",0.0062500901692014,2.8924875828295886
FETUSDT,2024-01-22-00:00,2024-01-23-00:00,second,"[0.11149825783972125, 0.11149825783972125, 0.10871080139372823, 0.1059233449477352, 0.0794425087108014, 0.11707317073170732, 0.10174216027874565, 0.09198606271777003, 0.08780487804878048, 0.0843205574912892]",0.0064452084119911,3.3105439842010176
FETUSDT,2024-01-23-00:00,2024-01-24-00:00,first,"[0.3143650242886884, 0.18181818181818182, 0.1179736294240111, 0.07702984038861901, 0.07633587786259542, 0.0798056904927134, 0.06176266481609993, 0.05135322692574601, 0.0395558639833449]",0.0079760610146857,2.8474595570114682
FETUSDT,2024-01-23-00:00,2024-01-24-00:00,second,"[0.11242192921582235, 0.11589174184594032, 0.11242192921582235, 0.1179736294240111, 0.08952116585704371, 0.0922970159611381, 0.09715475364330327, 0.1040943789035392, 0.08535739070090215, 0.07286606523247745]",0.0073537090671905,3.3069178774608
FETUSDT,2024-01-24-00:00,2024-01-25-00:00,first,"[0.2879944482997918, 0.16863289382373353, 0.11866759195003469, 0.10825815405968078, 0.08049965301873699, 0.05690492713393477, 0.07633587786259542, 0.05343511450381679, 0.049271339347675226]",0.0081793155002401,2.9134543943794893
FETUSDT,2024-01-24-00:00,2024-01-25-00:00,second,"[0.12630117973629423, 0.12213740458015267, 0.10687022900763359, 0.10756419153365718, 0.09507286606523248, 0.09715475364330327, 0.08674531575294935, 0.08674531575294935, 0.08674531575294935, 0.08466342817487855]",0.0037162722911376,3.307280658238807
FETUSDT,2024-01-25-00:00,2024-01-26-00:00,first,"[0.28888888888888886, 0.18194444444444444, 0.1326388888888889, 0.10833333333333334, 0.06944444444444445, 0.06736111111111111, 0.06736111111111111, 0.04652777777777778, 0.0375]",0.0077244763574558,2.873858643075426
FETUSDT,2024-01-25-00:00,2024-01-26-00:00,second,"[0.12013888888888889, 0.10625, 0.11597222222222223, 0.1125, 0.10208333333333333, 0.09305555555555556, 0.09027777777777778, 0.08125, 0.09375, 0.08472222222222223]",0.004747172152931,3.3102047105620476
FETUSDT,2024-01-26-00:00,2024-01-27-00:00,first,"[0.27708333333333335, 0.1736111111111111, 0.1388888888888889, 0.10069444444444445, 0.08611111111111111, 0.06458333333333334, 0.06458333333333334, 0.05555555555555555, 0.03888888888888889]",0.0079241929431742,2.9096781926452104
FETUSDT,2024-01-26-00:00,2024-01-27-00:00,second,"[0.12361111111111112, 0.09930555555555555, 0.10555555555555556, 0.1, 0.09861111111111111, 0.09652777777777778, 0.10208333333333333, 0.08541666666666667, 0.09861111111111111, 0.09027777777777778]",0.0057923846633725,3.3155015270854284
FETUSDT,2024-01-27-00:00,2024-01-28-00:00,first,"[0.3064628214037526, 0.17929117442668518, 0.12439193884642112, 0.10076441973592773, 0.07852675469075747, 0.06879777623349548, 0.05211952744961779, 0.04794996525364837, 0.04169562195969423]",0.0031862520981175,2.852449212977458
FETUSDT,2024-01-27-00:00,2024-01-28-00:00,second,"[0.1348158443363447, 0.10840861709520501, 0.10701876302988186, 0.11744266851980542, 0.0917303683113273, 0.09034051424600417, 0.09242529534398888, 0.08269631688672689, 0.09242529534398888, 0.08269631688672689]",0.0066209851586874,3.3044859118444405
FETUSDT,2024-01-28-00:00,2024-01-29-00:00,first,"[0.30619345859429364, 0.1697981906750174, 0.1350034794711204, 0.09464161447459986, 0.07237299930410578, 0.06263048016701461, 0.07028531663187196, 0.04175365344467641, 0.04732080723729993]",0.0064633093608762,2.8624497743165205
FETUSDT,2024-01-28-00:00,2024-01-29-00:00,second,"[0.10647181628392484, 0.1266527487821851, 0.11412665274878218, 0.09672929714683368, 0.09603340292275574, 0.10925539318023661, 0.09812108559498957, 0.08002783576896312, 0.09394572025052192, 0.07863604732080724]",0.0083535945958861,3.3078001155408057
FETUSDT,2024-01-29-00:00,2024-01-30-00:00,first,"[0.27746870653685674, 0.19749652294853964, 0.13073713490959665, 0.11196105702364395, 0.06815020862308763, 0.061196105702364396, 0.06606397774687066, 0.05354659248956885, 0.03337969401947149]",0.0117157348935809,2.8723550351216134
FETUSDT,2024-01-29-00:00,2024-01-30-00:00,second,"[0.1133518776077886, 0.12795549374130738, 0.10778859527121001, 0.09040333796940195, 0.09248956884561892, 0.09457579972183588, 0.09318497913769123, 0.0952712100139082, 0.08553546592489569, 0.09944367176634214]",0.0066861861573411,3.311676938116603
FETUSDT,2024-01-30-00:00,2024-01-31-00:00,first,"[0.29562803608605137, 0.1852879944482998, 0.12630117973629423, 0.11866759195003469, 0.07494795281054822, 0.05898681471200555, 0.055517002081887576, 0.04233171408743928, 0.04233171408743928]",0.0071815016583535,2.8511517755408438
FETUSDT,2024-01-30-00:00,2024-01-31-00:00,second,"[0.12144344205412907, 0.10756419153365718, 0.11242192921582235, 0.09784871616932686, 0.11034004163775156, 0.08743927827897294, 0.09437890353920889, 0.09090909090909091, 0.0922970159611381, 0.08535739070090215]",0.0044089426917762,3.312469792635024
FETUSDT,2024-01-31-00:00,2024-02-01-00:00,first,"[0.29840388619014574, 0.16308119361554477, 0.13601665510062458, 0.10964607911172797, 0.07494795281054822, 0.062456627342123525, 0.056210964607911175, 0.05412907702984039, 0.04510756419153366]",0.0059534531507678,2.8813191201887025
FETUSDT,2024-01-31-00:00,2024-02-01-00:00,second,"[0.11589174184594032, 0.11311589174184594, 0.09507286606523248, 0.11311589174184594, 0.09299097848716169, 0.10340041637751561, 0.0936849410131853, 0.08605135322692574, 0.0916030534351145, 0.09507286606523248]",0.0059856462360044,3.3147232400435636
FETUSDT,2024-02-01-00:00,2024-02-02-00:00,first,"[0.30326162387231087, 0.17696044413601666, 0.12352532963219987, 0.09090909090909091, 0.08466342817487855, 0.06939625260235947, 0.05898681471200555, 0.0527411519777932, 0.0395558639833449]",0.0030257679227546,2.8691134584501485
FETUSDT,2024-02-01-00:00,2024-02-02-00:00,second,"[0.11658570437196392, 0.12421929215822346, 0.1179736294240111, 0.11380985426786953, 0.09090909090909091, 0.08327550312283137, 0.08188757807078417, 0.09715475364330327, 0.10478834142956281, 0.06939625260235947]",0.0105965330860962,3.299524390788981
FETUSDT,2024-02-02-00:00,2024-02-03-00:00,first,"[0.29493407356002777, 0.1852879944482998, 0.12213740458015267, 0.09299097848716169, 0.08119361554476058, 0.07147814018043026, 0.05343511450381679, 0.05759888965995836, 0.040943789035392086]",0.0049304050338107,2.877295063487367
FETUSDT,2024-02-02-00:00,2024-02-03-00:00,second,"[0.12074947952810548, 0.10756419153365718, 0.10756419153365718, 0.11450381679389313, 0.09576682859125607, 0.0936849410131853, 0.09993060374739764, 0.08882720333102012, 0.0784177654406662, 0.09299097848716169]",0.0051587923775978,3.311407184794836
FETUSDT,2024-02-03-00:00,2024-02-04-00:00,first,"[0.31612002791346827, 0.18911374738311235, 0.12351709699930216, 0.08932309839497557, 0.07048150732728542, 0.06978367062107467, 0.055826936496859735, 0.04884856943475227, 0.03698534542916958]",0.006877644792751,2.8223925007402166
FETUSDT,2024-02-03-00:00,2024-02-04-00:00,second,"[0.11723656664340544, 0.1284019539427774, 0.1060711793440335, 0.1137473831123517, 0.0942079553384508, 0.09490579204466155, 0.09211444521981857, 0.08653175157013258, 0.0851360781577111, 0.08164689462665736]",0.0047859346833226,3.3064555224871706
FETUSDT,2024-02-04-00:00,2024-02-05-00:00,first,"[0.28025034770514606, 0.2051460361613352, 0.12795549374130738, 0.09109874826147427, 0.0737134909596662, 0.07093184979137691, 0.05493741307371349, 0.04728789986091794, 0.048678720445062586]",0.0086617387297361,2.8760624689732786
FETUSDT,2024-02-04-00:00,2024-02-05-00:00,second,"[0.12100139082058414, 0.10570236439499305, 0.12169680111265646, 0.09457579972183588, 0.08275382475660639, 0.09109874826147427, 0.09040333796940195, 0.10570236439499305, 0.09109874826147427, 0.09596662030598054]",0.0088091524774284,3.310833110431804
FETUSDT,2024-02-05-00:00,2024-02-06-00:00,first,"[0.28541666666666665, 0.18125, 0.14305555555555555, 0.08819444444444445, 0.0875, 0.06111111111111111, 0.04791666666666667, 0.05347222222222222, 0.052083333333333336]",0.0089421903092108,2.885092187609408
FETUSDT,2024-02-05-00:00,2024-02-06-00:00,second,"[0.10138888888888889, 0.13472222222222222, 0.10555555555555556, 0.11666666666666667, 0.1125, 0.0875, 0.08680555555555555, 0.09861111111111111, 0.07708333333333334, 0.07916666666666666]",0.0107240289648602,3.3008798281273077
FETUSDT,2024-02-06-00:00,2024-02-07-00:00,first,"[0.2807505211952745, 0.18693537178596248, 0.13064628214037527, 0.10423905489923559, 0.08756080611535788, 0.07574704656011119, 0.03961084086170952, 0.046560111188325225, 0.04794996525364837]",0.0096117759652755,2.880714269306897
FETUSDT,2024-02-06-00:00,2024-02-07-00:00,second,"[0.12647671994440585, 0.1271716469770674, 0.113273106323836, 0.09381514940931203, 0.0847810979847116, 0.10493398193189715, 0.08617095205003475, 0.08200138985406533, 0.08686587908269632, 0.0945100764419736]",0.0084600145498439,3.303468135399154
FETUSDT,2024-02-07-00:00,2024-02-08-00:00,first,"[0.3087108013937282, 0.16376306620209058, 0.13101045296167246, 0.1024390243902439, 0.08222996515679443, 0.06480836236933799, 0.0529616724738676, 0.050174216027874564, 0.04390243902439024]",0.0049622783498836,2.8631273167248708
FETUSDT,2024-02-07-00:00,2024-02-08-00:00,second,"[0.1156794425087108, 0.1156794425087108, 0.11916376306620209, 0.10383275261324042, 0.09198606271777003, 0.08710801393728224, 0.10522648083623694, 0.08641114982578398, 0.08989547038327526, 0.08501742160278745]",0.0052657669129115,3.3101641021219788
FETUSDT,2024-02-08-00:00,2024-02-09-00:00,first,"[0.3041958041958042, 0.17552447552447553, 0.12237762237762238, 0.10139860139860139, 0.07272727272727272, 0.06923076923076923, 0.05874125874125874, 0.046153846153846156, 0.04965034965034965]",0.0032401216390601,2.8704049606272015
FETUSDT,2024-02-08-00:00,2024-02-09-00:00,second,"[0.11818181818181818, 0.12307692307692308, 0.1048951048951049, 0.11328671328671329, 0.11188811188811189, 0.08181818181818182, 0.1027972027972028, 0.08601398601398601, 0.07272727272727272, 0.08531468531468532]",0.0078927365233625,3.302075609467291
FETUSDT,2024-02-09-00:00,2024-02-10-00:00,first,"[0.2964509394572025, 0.1802366040361865, 0.11482254697286012, 0.09881697981906751, 0.08907446068197634, 0.05915100904662491, 0.05706332637439109, 0.05288796102992345, 0.05149617258176757]",0.0052043660065561,2.886543417385735
FETUSDT,2024-02-09-00:00,2024-02-10-00:00,second,"[0.12108559498956159, 0.12456506610995129, 0.11203897007654837, 0.09672929714683368, 0.09672929714683368, 0.09464161447459986, 0.09603340292275574, 0.08350730688935282, 0.0883785664578984, 0.08629088378566457]",0.0040118943825689,3.3088861567370427
FETUSDT,2024-02-10-00:00,2024-02-11-00:00,first,"[0.3173611111111111, 0.15069444444444444, 0.1284722222222222, 0.10069444444444445, 0.07777777777777778, 0.07083333333333333, 0.05, 0.05555555555555555, 0.04861111111111111]",0.0077316066352823,2.867704615092036
FETUSDT,2024-02-10-00:00,2024-02-11-00:00,second,"[0.12916666666666668, 0.10972222222222222, 0.10555555555555556, 0.10208333333333333, 0.09097222222222222, 0.09791666666666667, 0.09583333333333334, 0.08402777777777778, 0.10138888888888889, 0.08333333333333333]",0.0054008523588909,3.3105524355538414
FETUSDT,2024-02-11-00:00,2024-02-12-00:00,first,"[0.2913769123783032, 0.18428372739916551, 0.13212795549374132, 0.10013908205841446, 0.08344923504867872, 0.06467315716272601, 0.0521557719054242, 0.05006954102920723, 0.04172461752433936]",0.0050841656178527,2.870545035787964
FETUSDT,2024-02-11-00:00,2024-02-12-00:00,second,"[0.11961057023643949, 0.10013908205841446, 0.10222531293463143, 0.11404728789986092, 0.08553546592489569, 0.09874826147426982, 0.09666203059805285, 0.0952712100139082, 0.09735744089012517, 0.09040333796940195]",0.0070377284246287,3.3153409234912377
FETUSDT,2024-02-12-00:00,2024-02-13-00:00,first,"[0.27936066712995133, 0.1723419041000695, 0.13898540653231412, 0.08964558721334259, 0.0917303683113273, 0.07018763029881862, 0.05837387074357193, 0.04933981931897151, 0.05003474635163308]",0.0076657360917256,2.9135446145097483
FETUSDT,2024-02-12-00:00,2024-02-13-00:00,second,"[0.11744266851980542, 0.09867963863794302, 0.10284920083391244, 0.11605281445448228, 0.0917303683113273, 0.0917303683113273, 0.10284920083391244, 0.0847810979847116, 0.09381514940931203, 0.10006949270326616]",0.0085029911500847,3.3148961600804308
FETUSDT,2024-02-13-00:00,2024-02-14-00:00,first,"[0.2886884108258154, 0.18181818181818182, 0.13671061762664816, 0.10478834142956281, 0.08119361554476058, 0.04996530187369882, 0.06939625260235947, 0.047883414295628035, 0.0395558639833449]",0.0086208460720363,2.8696076508352886
FETUSDT,2024-02-13-00:00,2024-02-14-00:00,second,"[0.1179736294240111, 0.11589174184594032, 0.11242192921582235, 0.10062456627342123, 0.11311589174184594, 0.0916030534351145, 0.08535739070090215, 0.0936849410131853, 0.08813324080499653, 0.08119361554476058]",0.0044611794185363,3.309499086121351
FETUSDT,2024-02-14-00:00,2024-02-15-00:00,first,"[0.30833333333333335, 0.18333333333333332, 0.11597222222222223, 0.11458333333333333, 0.06944444444444445, 0.059027777777777776, 0.058333333333333334, 0.04375, 0.04722222222222222]",0.0075610778421055,2.843507891599178
FETUSDT,2024-02-14-00:00,2024-02-15-00:00,second,"[0.13125, 0.1111111111111111, 0.09930555555555555, 0.09305555555555556, 0.10902777777777778, 0.10069444444444445, 0.08125, 0.10694444444444444, 0.08680555555555555, 0.08055555555555556]",0.0081799941460561,3.3064372823405117
FETUSDT,2024-02-15-00:00,2024-02-16-00:00,first,"[0.28521859819569745, 0.1589174184594032, 0.13532269257460097, 0.10964607911172797, 0.08327550312283137, 0.062456627342123525, 0.07009021512838307, 0.047883414295628035, 0.04718945176960444]",0.0090543352232899,2.913171149401765
FETUSDT,2024-02-15-00:00,2024-02-16-00:00,second,"[0.12074947952810548, 0.10687022900763359, 0.10825815405968078, 0.08952116585704371, 0.10340041637751561, 0.11242192921582235, 0.10895211658570438, 0.08605135322692574, 0.09021512838306732, 0.07356002775850104]",0.0076259148123069,3.307925160359112
FETUSDT,2024-02-16-00:00,2024-02-17-00:00,first,"[0.3111111111111111, 0.1673611111111111, 0.14791666666666667, 0.09166666666666666, 0.08125, 0.06944444444444445, 0.05555555555555555, 0.03958333333333333, 0.03611111111111111]",0.0083612120603784,2.8300998721025263
FETUSDT,2024-02-16-00:00,2024-02-17-00:00,second,"[0.1076388888888889, 0.10555555555555556, 0.11388888888888889, 0.09097222222222222, 0.10347222222222222, 0.10902777777777778, 0.08819444444444445, 0.09583333333333334, 0.09652777777777778, 0.08888888888888889]",0.0077825113814643,3.3165163509765003
FETUSDT,2024-02-17-00:00,2024-02-18-00:00,first,"[0.2886884108258154, 0.16863289382373353, 0.11658570437196392, 0.09646079111727966, 0.08674531575294935, 0.06453851492019431, 0.07078417765440666, 0.061068702290076333, 0.046495489243580844]",0.0068912175350322,2.9211234297819986
FETUSDT,2024-02-17-00:00,2024-02-18-00:00,second,"[0.11658570437196392, 0.11034004163775156, 0.11311589174184594, 0.10340041637751561, 0.10687022900763359, 0.09854267869535045, 0.08674531575294935, 0.09090909090909091, 0.0798056904927134, 0.0936849410131853]",0.00439331059288,3.3122795722310396
FETUSDT,2024-02-18-00:00,2024-02-19-00:00,first,"[0.28591256072172105, 0.20333102012491325, 0.13809854267869534, 0.0922970159611381, 0.09646079111727966, 0.055517002081887576, 0.05829285218598196, 0.030534351145038167, 0.0395558639833449]",0.0128844483150172,2.8295136894353634
FETUSDT,2024-02-18-00:00,2024-02-19-00:00,second,"[0.13324080499653018, 0.09854267869535045, 0.10964607911172797, 0.09923664122137404, 0.0922970159611381, 0.08466342817487855, 0.10062456627342123, 0.10617626648161, 0.08952116585704371, 0.08605135322692574]",0.0080930675311353,3.3092500497337607
FETUSDT,2024-02-19-00:00,2024-02-20-00:00,first,"[0.28452463566967384, 0.1825121443442054, 0.14295628036086053, 0.10478834142956281, 0.07494795281054822, 0.06870229007633588, 0.0520471894517696, 0.04371963913948647, 0.04580152671755725]",0.0075813986811546,2.8747179347578022
FETUSDT,2024-02-19-00:00,2024-02-20-00:00,second,"[0.1193615544760583, 0.1179736294240111, 0.10895211658570438, 0.11103400416377515, 0.08952116585704371, 0.09854267869535045, 0.09437890353920889, 0.08466342817487855, 0.08049965301873699, 0.09507286606523248]",0.0047727424372414,3.3097932398676644
FETUSDT,2024-02-20-00:00,2024-02-21-00:00,first,"[0.2498265093684941, 0.19292158223455932, 0.15475364330326163, 0.10756419153365718, 0.0798056904927134, 0.06176266481609993, 0.054823039555863984, 0.05343511450381679, 0.04510756419153366]",0.0133792099779921,2.916796691516515
FETUSDT,2024-02-20-00:00,2024-02-21-00:00,second,"[0.1179736294240111, 0.10340041637751561, 0.10964607911172797, 0.10756419153365718, 0.09993060374739764, 0.09437890353920889, 0.08327550312283137, 0.09299097848716169, 0.09576682859125607, 0.09507286606523248]",0.0049940979292821,3.315545147770276
FETUSDT,2024-02-21-00:00,2024-02-22-00:00,first,"[0.28313671061762663, 0.17834836918806385, 0.12768910478834142, 0.10825815405968078, 0.08952116585704371, 0.07147814018043026, 0.046495489243580844, 0.048577376821651634, 0.046495489243580844]",0.0071033085347089,2.892773546142022
FETUSDT,2024-02-21-00:00,2024-02-22-00:00,second,"[0.1325468424705066, 0.10895211658570438, 0.11172796668979876, 0.11311589174184594, 0.08327550312283137, 0.10617626648161, 0.08813324080499653, 0.08119361554476058, 0.09993060374739764, 0.07494795281054822]",0.0092839907833253,3.3011373686101386
FETUSDT,2024-02-22-00:00,2024-02-23-00:00,first,"[0.26925746009715473, 0.1582234559333796, 0.13601665510062458, 0.1054823039555864, 0.08188757807078417, 0.0659264399722415, 0.0652324774462179, 0.06176266481609993, 0.056210964607911175]",0.0112579307438888,2.9570316793338924
FETUSDT,2024-02-22-00:00,2024-02-23-00:00,second,"[0.11034004163775156, 0.12283136710617627, 0.12283136710617627, 0.10131852879944483, 0.10201249132546843, 0.09993060374739764, 0.08119361554476058, 0.08258154059680778, 0.08466342817487855, 0.0922970159611381]",0.0070416905411395,3.3068485964107306
FETUSDT,2024-02-23-00:00,2024-02-24-00:00,first,"[0.29909784871616935, 0.1845940319222762, 0.1311589174184594, 0.0922970159611381, 0.07633587786259542, 0.06939625260235947, 0.05065926439972242, 0.05690492713393477, 0.0395558639833449]",0.0050944047411231,2.8604997451853937
FETUSDT,2024-02-23-00:00,2024-02-24-00:00,second,"[0.11866759195003469, 0.12491325468424705, 0.11103400416377515, 0.10825815405968078, 0.09576682859125607, 0.09021512838306732, 0.0936849410131853, 0.09993060374739764, 0.08396946564885496, 0.07356002775850104]",0.0054106139943244,3.3054270732338136
FETUSDT,2024-02-24-00:00,2024-02-25-00:00,first,"[0.2873004857737682, 0.20541290770298404, 0.1436502428868841, 0.08605135322692574, 0.07633587786259542, 0.05898681471200555, 0.05343511450381679, 0.049271339347675226, 0.0395558639833449]",0.0106740344279748,2.8409662944937137
FETUSDT,2024-02-24-00:00,2024-02-25-00:00,second,"[0.10825815405968078, 0.11658570437196392, 0.12213740458015267, 0.10617626648161, 0.10825815405968078, 0.09715475364330327, 0.08952116585704371, 0.08327550312283137, 0.07702984038861901, 0.0916030534351145]",0.0065782767600413,3.307837188641723
FETUSDT,2024-02-25-00:00,2024-02-26-00:00,first,"[0.3053435114503817, 0.1963913948646773, 0.12699514226231784, 0.09993060374739764, 0.05759888965995836, 0.05690492713393477, 0.06176266481609993, 0.05412907702984039, 0.040943789035392086]",0.0080973156465839,2.831019816006783
FETUSDT,2024-02-25-00:00,2024-02-26-00:00,second,"[0.12838306731436502, 0.11242192921582235, 0.12213740458015267, 0.10201249132546843, 0.10825815405968078, 0.0798056904927134, 0.10340041637751561, 0.08674531575294935, 0.0777238029146426, 0.0791117279666898]",0.0079990673357418,3.29987784692568
FETUSDT,2024-02-26-00:00,2024-02-27-00:00,first,"[0.32130464954892435, 0.20333102012491325, 0.13740458015267176, 0.08535739070090215, 0.05968077723802915, 0.07009021512838307, 0.04233171408743928, 0.040943789035392086, 0.0395558639833449]",0.0140274853325148,2.7677515724987702
FETUSDT,2024-02-26-00:00,2024-02-27-00:00,second,"[0.1179736294240111, 0.11311589174184594, 0.11519777931991672, 0.11658570437196392, 0.09576682859125607, 0.09021512838306732, 0.08674531575294935, 0.08396946564885496, 0.09507286606523248, 0.08535739070090215]",0.0052990551169987,3.3091250029243047
FETUSDT,2024-02-27-00:00,2024-02-28-00:00,first,"[0.32199861207494795, 0.17696044413601666, 0.1304649548924358, 0.08258154059680778, 0.06662040249826509, 0.06453851492019431, 0.06384455239417071, 0.04718945176960444, 0.04580152671755725]",0.007391258077512,2.8295980756713144
FETUSDT,2024-02-27-00:00,2024-02-28-00:00,second,"[0.11866759195003469, 0.09784871616932686, 0.10756419153365718, 0.09576682859125607, 0.10062456627342123, 0.09854267869535045, 0.10131852879944483, 0.10617626648161, 0.07564191533657183, 0.09784871616932686]",0.0077602482477839,3.313979085666895
FETUSDT,2024-02-28-00:00,2024-02-29-00:00,first,"[0.30881332408049966, 0.18181818181818182, 0.1304649548924358, 0.09507286606523248, 0.07078417765440666, 0.06315058986814712, 0.05968077723802915, 0.05065926439972242, 0.0395558639833449]",0.0046056221607771,2.8438631597043043
FETUSDT,2024-02-28-00:00,2024-02-29-00:00,second,"[0.11589174184594032, 0.10201249132546843, 0.1179736294240111, 0.08396946564885496, 0.1040943789035392, 0.09576682859125607, 0.0916030534351145, 0.10825815405968078, 0.08327550312283137, 0.09715475364330327]",0.0086003746860302,3.3125508000910133
FETUSDT,2024-02-29-00:00,2024-03-01-00:00,first,"[0.29562803608605137, 0.16169326856349758, 0.12283136710617627, 0.10131852879944483, 0.06731436502428868, 0.07564191533657183, 0.0659264399722415, 0.0659264399722415, 0.04371963913948647]",0.0079582337815026,2.9095186897527916
FETUSDT,2024-02-29-00:00,2024-03-01-00:00,second,"[0.10062456627342123, 0.10756419153365718, 0.1193615544760583, 0.11311589174184594, 0.08952116585704371, 0.09646079111727966, 0.09715475364330327, 0.09090909090909091, 0.08535739070090215, 0.09993060374739764]",0.0077193516341793,3.3145728902549796
FETUSDT,2024-03-01-00:00,2024-03-02-00:00,first,"[0.30742539902845245, 0.12630117973629423, 0.09299097848716169, 0.08952116585704371, 0.08882720333102012, 0.09854267869535045, 0.0784177654406662, 0.06315058986814712, 0.054823039555863984]",0.0198059299092306,2.939516412885621
FETUSDT,2024-03-01-00:00,2024-03-02-00:00,second,"[0.1179736294240111, 0.10062456627342123, 0.11450381679389313, 0.09784871616932686, 0.09784871616932686, 0.09993060374739764, 0.0798056904927134, 0.10131852879944483, 0.09854267869535045, 0.0916030534351145]",0.0074961103514425,3.3144930793625664
FETUSDT,2024-03-02-00:00,2024-03-03-00:00,first,"[0.25537820957668284, 0.16793893129770993, 0.1325468424705066, 0.09784871616932686, 0.10617626648161, 0.0791117279666898, 0.06453851492019431, 0.0520471894517696, 0.04441360166551006]",0.0122551117200966,2.9594512038947443
FETUSDT,2024-03-02-00:00,2024-03-03-00:00,second,"[0.10964607911172797, 0.10270645385149202, 0.1054823039555864, 0.10756419153365718, 0.10270645385149202, 0.10270645385149202, 0.09299097848716169, 0.09090909090909091, 0.08882720333102012, 0.09646079111727966]",0.0049879582774027,3.318499248041866
FETUSDT,2024-03-03-00:00,2024-03-04-00:00,first,"[0.2886884108258154, 0.14850798056904926, 0.12838306731436502, 0.10478834142956281, 0.08882720333102012, 0.06315058986814712, 0.0659264399722415, 0.06037473976405274, 0.05135322692574601]",0.0097157917971697,2.932311405799281
FETUSDT,2024-03-03-00:00,2024-03-04-00:00,second,"[0.11380985426786953, 0.11450381679389313, 0.10964607911172797, 0.10964607911172797, 0.09576682859125607, 0.10617626648161, 0.08327550312283137, 0.08258154059680778, 0.09090909090909091, 0.0936849410131853]",0.005656093867667,3.3120830520906477
FETUSDT,2024-03-04-00:00,2024-03-05-00:00,first,"[0.2532963219986121, 0.1845940319222762, 0.14781401804302569, 0.10131852879944483, 0.09021512838306732, 0.0798056904927134, 0.05898681471200555, 0.0527411519777932, 0.031228313671061762]",0.0138361890122183,2.9192143268690223
FETUSDT,2024-03-04-00:00,2024-03-05-00:00,second,"[0.1054823039555864, 0.12074947952810548, 0.11242192921582235, 0.12213740458015267, 0.09715475364330327, 0.08674531575294935, 0.0922970159611381, 0.08743927827897294, 0.08605135322692574, 0.08952116585704371]",0.0065582928958815,3.3091252889160008
FETUSDT,2024-03-05-00:00,2024-03-06-00:00,first,"[0.25607217210270644, 0.19222761970853575, 0.1436502428868841, 0.11311589174184594, 0.07564191533657183, 0.07009021512838307, 0.055517002081887576, 0.05412907702984039, 0.0395558639833449]",0.0127052723878793,2.9125340877651795
FETUSDT,2024-03-05-00:00,2024-03-06-00:00,second,"[0.11589174184594032, 0.10270645385149202, 0.12074947952810548, 0.10201249132546843, 0.09299097848716169, 0.10964607911172797, 0.08743927827897294, 0.08119361554476058, 0.0916030534351145, 0.09576682859125607]",0.0079398600443639,3.3116184168429297
FETUSDT,2024-03-06-00:00,2024-03-07-00:00,first,"[0.34004163775156143, 0.17002081887578072, 0.1040943789035392, 0.08119361554476058, 0.0798056904927134, 0.055517002081887576, 0.05968077723802915, 0.05898681471200555, 0.05065926439972242]",0.0120135517548183,2.821873249143208
FETUSDT,2024-03-06-00:00,2024-03-07-00:00,second,"[0.12838306731436502, 0.11866759195003469, 0.10756419153365718, 0.11658570437196392, 0.10687022900763359, 0.08813324080499653, 0.08743927827897294, 0.0916030534351145, 0.0791117279666898, 0.07564191533657183]",0.0067101044613064,3.300770033287728
FETUSDT,2024-03-07-00:00,2024-03-08-00:00,first,"[0.3240804996530187, 0.2623178348369188, 0.14087439278278974, 0.08535739070090215, 0.05412907702984039, 0.0388619014573213, 0.027064538514920196, 0.02914642609299098, 0.03816793893129771]",0.0278250524321699,2.613884922473174
FETUSDT,2024-03-07-00:00,2024-03-08-00:00,second,"[0.09576682859125607, 0.13462873004857737, 0.09784871616932686, 0.1040943789035392, 0.10756419153365718, 0.09993060374739764, 0.10062456627342123, 0.0784177654406662, 0.0922970159611381, 0.08882720333102012]",0.0094109255996327,3.3084360924618808
FETUSDT,2024-03-08-00:00,2024-03-09-00:00,first,"[0.3421235253296322, 0.09437890353920889, 0.07494795281054822, 0.09090909090909091, 0.08813324080499653, 0.08605135322692574, 0.07217210270645386, 0.0791117279666898, 0.07217210270645386]",0.0306009025362643,2.895748970018202
FETUSDT,2024-03-08-00:00,2024-03-09-00:00,second,"[0.12213740458015267, 0.12560721721027066, 0.12560721721027066, 0.11311589174184594, 0.09784871616932686, 0.09576682859125607, 0.07633587786259542, 0.08466342817487855, 0.08119361554476058, 0.0777238029146426]",0.0079494599003269,3.2957304508481258
FETUSDT,2024-03-09-00:00,2024-03-10-00:00,first,"[0.3747397640527412, 0.17418459403192227, 0.08952116585704371, 0.07633587786259542, 0.05343511450381679, 0.06176266481609993, 0.05898681471200555, 0.05065926439972242, 0.06037473976405274]",0.0198493078503236,2.742118961337338
FETUSDT,2024-03-09-00:00,2024-03-10-00:00,second,"[0.14018043025676613, 0.12283136710617627, 0.09784871616932686, 0.11242192921582235, 0.08813324080499653, 0.0916030534351145, 0.09854267869535045, 0.09299097848716169, 0.0777238029146426, 0.0777238029146426]",0.0090683452946481,3.2972627624069593
FETUSDT,2024-03-10-00:00,2024-03-11-00:00,first,"[0.2921582234559334, 0.12907702984038863, 0.1054823039555864, 0.11172796668979876, 0.08882720333102012, 0.07702984038861901, 0.07147814018043026, 0.0659264399722415, 0.05829285218598196]",0.0167427631280119,2.960329586055029
FETUSDT,2024-03-10-00:00,2024-03-11-00:00,second,"[0.1179736294240111, 0.12074947952810548, 0.10964607911172797, 0.11450381679389313, 0.10270645385149202, 0.09993060374739764, 0.08605135322692574, 0.07009021512838307, 0.08188757807078417, 0.09646079111727966]",0.0069946542756555,3.3033599355921135
FETUSDT,2024-03-11-00:00,2024-03-12-00:00,first,"[0.2921582234559334, 0.13462873004857737, 0.11658570437196392, 0.10478834142956281, 0.09090909090909091, 0.0784177654406662, 0.06662040249826509, 0.05759888965995836, 0.05829285218598196]",0.0130416296558861,2.9496684435620217
FETUSDT,2024-03-11-00:00,2024-03-12-00:00,second,"[0.12768910478834142, 0.11034004163775156, 0.11450381679389313, 0.09576682859125607, 0.09576682859125607, 0.08674531575294935, 0.09923664122137404, 0.09090909090909091, 0.08535739070090215, 0.0936849410131853]",0.0057597500026327,3.310521417587584
FETUSDT,2024-03-12-00:00,2024-03-13-00:00,first,"[0.3025676613462873, 0.14226231783483692, 0.11519777931991672, 0.09784871616932686, 0.08674531575294935, 0.07702984038861901, 0.07286606523247745, 0.0520471894517696, 0.05343511450381679]",0.0096821996687172,2.923279315652583
FETUSDT,2024-03-12-00:00,2024-03-13-00:00,second,"[0.12352532963219987, 0.10687022900763359, 0.12907702984038863, 0.11034004163775156, 0.10062456627342123, 0.09854267869535045, 0.08119361554476058, 0.09437890353920889, 0.07494795281054822, 0.08049965301873699]",0.0072641588890933,3.3006757304961023
FETUSDT,2024-03-13-00:00,2024-03-14-00:00,first,"[0.28591256072172105, 0.15267175572519084, 0.1436502428868841, 0.09923664122137404, 0.08396946564885496, 0.06870229007633588, 0.05690492713393477, 0.05759888965995836, 0.05135322692574601]",0.0088053240258894,2.9213163836225555
FETUSDT,2024-03-13-00:00,2024-03-14-00:00,second,"[0.12213740458015267, 0.10756419153365718, 0.09854267869535045, 0.10895211658570438, 0.10340041637751561, 0.10687022900763359, 0.08952116585704371, 0.08327550312283137, 0.09715475364330327, 0.08258154059680778]",0.0059901199435412,3.3118843518279326
FETUSDT,2024-03-14-00:00,2024-03-15-00:00,first,"[0.25746009715475365, 0.17210270645385148, 0.11866759195003469, 0.12768910478834142, 0.08396946564885496, 0.08049965301873699, 0.0659264399722415, 0.046495489243580844, 0.04718945176960444]",0.0129970286606939,2.9500121437247824
FETUSDT,2024-03-14-00:00,2024-03-15-00:00,second,"[0.12491325468424705, 0.10340041637751561, 0.11172796668979876, 0.10062456627342123, 0.10131852879944483, 0.09715475364330327, 0.10201249132546843, 0.0791117279666898, 0.08813324080499653, 0.0916030534351145]",0.0050869884580985,3.311666288761349
FETUSDT,2024-03-15-00:00,2024-03-16-00:00,first,"[0.35947258848022207, 0.19222761970853575, 0.09437890353920889, 0.0784177654406662, 0.056210964607911175, 0.06384455239417071, 0.0659264399722415, 0.05135322692574601, 0.03816793893129771]",0.0183809224315588,2.7426154748153024
FETUSDT,2024-03-15-00:00,2024-03-16-00:00,second,"[0.12630117973629423, 0.11450381679389313, 0.09993060374739764, 0.10617626648161, 0.11311589174184594, 0.10270645385149202, 0.0798056904927134, 0.08049965301873699, 0.10062456627342123, 0.07633587786259542]",0.0081947501988793,3.303856247452734
FETUSDT,2024-03-16-00:00,2024-03-17-00:00,first,"[0.24080499653018736, 0.10340041637751561, 0.10687022900763359, 0.1193615544760583, 0.10617626648161, 0.11311589174184594, 0.08327550312283137, 0.07702984038861901, 0.04996530187369882]",0.0335520776472501,3.042622691456728
FETUSDT,2024-03-16-00:00,2024-03-17-00:00,second,"[0.12699514226231784, 0.12491325468424705, 0.11242192921582235, 0.09715475364330327, 0.09090909090909091, 0.11589174184594032, 0.09507286606523248, 0.07147814018043026, 0.09646079111727966, 0.06870229007633588]",0.0103485658033348,3.294729675836503
FETUSDT,2024-03-17-00:00,2024-03-18-00:00,first,"[0.3324080499653019, 0.15197779319916724, 0.10340041637751561, 0.09021512838306732, 0.08049965301873699, 0.07564191533657183, 0.05968077723802915, 0.05690492713393477, 0.049271339347675226]",0.0116325934916194,2.859218491787359
FETUSDT,2024-03-17-00:00,2024-03-18-00:00,second,"[0.11311589174184594, 0.12421929215822346, 0.11519777931991672, 0.10895211658570438, 0.09299097848716169, 0.09993060374739764, 0.0922970159611381, 0.08674531575294935, 0.0916030534351145, 0.07494795281054822]",0.0057228786442297,3.3070486925744933
FETUSDT,2024-03-18-00:00,2024-03-19-00:00,first,"[0.29285218598195695, 0.16377515614156835, 0.12560721721027066, 0.08882720333102012, 0.09021512838306732, 0.07702984038861901, 0.062456627342123525, 0.05412907702984039, 0.04510756419153366]",0.0064948108094033,2.9098221709782015
FETUSDT,2024-03-18-00:00,2024-03-19-00:00,second,"[0.1325468424705066, 0.11519777931991672, 0.1040943789035392, 0.09090909090909091, 0.09993060374739764, 0.11589174184594032, 0.09576682859125607, 0.0777238029146426, 0.08743927827897294, 0.08049965301873699]",0.0071563697275647,3.302807654396336
FETUSDT,2024-03-19-00:00,2024-03-20-00:00,first,"[0.3657182512144344, 0.17487855655794587, 0.09507286606523248, 0.0652324774462179, 0.05759888965995836, 0.06800832755031229, 0.06315058986814712, 0.05829285218598196, 0.0520471894517696]",0.0187418811089572,2.763856788015237
FETUSDT,2024-03-19-00:00,2024-03-20-00:00,second,"[0.1311589174184594, 0.1339347675225538, 0.11103400416377515, 0.10131852879944483, 0.10340041637751561, 0.07702984038861901, 0.09090909090909091, 0.08535739070090215, 0.07633587786259542, 0.08952116585704371]",0.0082705692008261,3.295510581550076
FETUSDT,2024-03-20-00:00,2024-03-21-00:00,first,"[0.3747397640527412, 0.12074947952810548, 0.06315058986814712, 0.07494795281054822, 0.0652324774462179, 0.08396946564885496, 0.0659264399722415, 0.08466342817487855, 0.06662040249826509]",0.0340090566814763,2.8082979269144213
FETUSDT,2024-03-20-00:00,2024-03-21-00:00,second,"[0.12074947952810548, 0.13879250520471895, 0.10756419153365718, 0.11658570437196392, 0.08882720333102012, 0.0791117279666898, 0.0922970159611381, 0.09021512838306732, 0.08119361554476058, 0.08466342817487855]",0.0076457513738783,3.2970569208818743
FETUSDT,2024-03-21-00:00,2024-03-22-00:00,first,"[0.28452463566967384, 0.14850798056904926, 0.12144344205412907, 0.09646079111727966, 0.08466342817487855, 0.07425399028452463, 0.0777238029146426, 0.05968077723802915, 0.0527411519777932]",0.0106740344279748,2.952557976531137
FETUSDT,2024-03-21-00:00,2024-03-22-00:00,second,"[0.11727966689798751, 0.11380985426786953, 0.12491325468424705, 0.10340041637751561, 0.10756419153365718, 0.09021512838306732, 0.09021512838306732, 0.07217210270645386, 0.09299097848716169, 0.08743927827897294]",0.0062421192148794,3.304769479889412
FETUSDT,2024-03-22-00:00,2024-03-23-00:00,first,"[0.2748091603053435, 0.15475364330326163, 0.14156835530881332, 0.11242192921582235, 0.08466342817487855, 0.08188757807078417, 0.05412907702984039, 0.055517002081887576, 0.040249826509368494]",0.0126508855800467,2.925514770868529
FETUSDT,2024-03-22-00:00,2024-03-23-00:00,second,"[0.12907702984038863, 0.11450381679389313, 0.10617626648161, 0.0922970159611381, 0.1040943789035392, 0.09715475364330327, 0.0922970159611381, 0.08327550312283137, 0.07702984038861901, 0.1040943789035392]",0.0066744391905264,3.307174929577323
FETUSDT,2024-03-23-00:00,2024-03-24-00:00,first,"[0.2761970853573907, 0.20471894517696043, 0.12144344205412907, 0.11242192921582235, 0.08188757807078417, 0.0659264399722415, 0.05412907702984039, 0.04302567661346287, 0.040249826509368494]",0.0104102076338232,2.8688328740146973
FETUSDT,2024-03-23-00:00,2024-03-24-00:00,second,"[0.11727966689798751, 0.11519777931991672, 0.11866759195003469, 0.09090909090909091, 0.10756419153365718, 0.09923664122137404, 0.09021512838306732, 0.0798056904927134, 0.0936849410131853, 0.08743927827897294]",0.0059051954395241,3.3095487249116364
FETUSDT,2024-03-24-00:00,2024-03-25-00:00,first,"[0.3053435114503817, 0.18667591950034698, 0.12838306731436502, 0.09507286606523248, 0.07425399028452463, 0.06453851492019431, 0.04580152671755725, 0.056210964607911175, 0.04371963913948647]",0.0052002109105913,2.8458991383499948
FETUSDT,2024-03-24-00:00,2024-03-25-00:00,second,"[0.1193615544760583, 0.11034004163775156, 0.11380985426786953, 0.11589174184594032, 0.10201249132546843, 0.0922970159611381, 0.09507286606523248, 0.08605135322692574, 0.08743927827897294, 0.0777238029146426]",0.0039905912434854,3.3083999141392755
FETUSDT,2024-03-25-00:00,2024-03-26-00:00,first,"[0.3060374739764053, 0.18112421929215822, 0.11450381679389313, 0.09715475364330327, 0.07217210270645386, 0.07078417765440666, 0.05898681471200555, 0.054823039555863984, 0.04441360166551006]",0.0041751004557206,2.86823266044961
FETUSDT,2024-03-25-00:00,2024-03-26-00:00,second,"[0.10201249132546843, 0.11172796668979876, 0.11380985426786953, 0.10687022900763359, 0.10270645385149202, 0.0916030534351145, 0.09507286606523248, 0.09854267869535045, 0.08882720333102012, 0.08882720333102012]",0.0049806192712756,3.31665287396001
FETUSDT,2024-03-26-00:00,2024-03-27-00:00,first,"[0.28036086051353226, 0.183206106870229, 0.12144344205412907, 0.0936849410131853, 0.08535739070090215, 0.07356002775850104, 0.06731436502428868, 0.05412907702984039, 0.040943789035392086]",0.0071562673832831,2.910906495448129
FETUSDT,2024-03-26-00:00,2024-03-27-00:00,second,"[0.10062456627342123, 0.10964607911172797, 0.10478834142956281, 0.10617626648161, 0.10895211658570438, 0.10201249132546843, 0.10201249132546843, 0.08535739070090215, 0.09021512838306732, 0.09021512838306732]",0.0064652965527869,3.3171657413848723
FETUSDT,2024-03-27-00:00,2024-03-28-00:00,first,"[0.2588480222068008, 0.17904233171408743, 0.14712005551700208, 0.1179736294240111, 0.08813324080499653, 0.0652324774462179, 0.05759888965995836, 0.048577376821651634, 0.03747397640527411]",0.0122551117200966,2.9120083934240584
FETUSDT,2024-03-27-00:00,2024-03-28-00:00,second,"[0.11589174184594032, 0.10201249132546843, 0.11519777931991672, 0.1040943789035392, 0.09993060374739764, 0.09854267869535045, 0.10201249132546843, 0.08396946564885496, 0.0922970159611381, 0.08605135322692574]",0.0045320884602757,3.3145407515416845
FETUSDT,2024-03-28-00:00,2024-03-29-00:00,first,"[0.3927827897293546, 0.21651630811936157, 0.09993060374739764, 0.05898681471200555, 0.046495489243580844, 0.04233171408743928, 0.046495489243580844, 0.05412907702984039, 0.04233171408743928]",0.0300343106025584,2.606069910055016
FETUSDT,2024-03-28-00:00,2024-03-29-00:00,second,"[0.11658570437196392, 0.10131852879944483, 0.11311589174184594, 0.12283136710617627, 0.10340041637751561, 0.0916030534351145, 0.09715475364330327, 0.08396946564885496, 0.0936849410131853, 0.07633587786259542]",0.0071566638032163,3.308017378256674
FETUSDT,2024-03-29-00:00,2024-03-30-00:00,first,"[0.2970159611380985, 0.13532269257460097, 0.11380985426786953, 0.08882720333102012, 0.09715475364330327, 0.08882720333102012, 0.06384455239417071, 0.06037473976405274, 0.054823039555863984]",0.0142209540054288,2.9423911255927893
FETUSDT,2024-03-29-00:00,2024-03-30-00:00,second,"[0.12421929215822346, 0.10895211658570438, 0.11866759195003469, 0.11589174184594032, 0.09576682859125607, 0.08952116585704371, 0.08743927827897294, 0.08882720333102012, 0.0922970159611381, 0.0784177654406662]",0.0061350521006253,3.3061893692271456
FETUSDT,2024-03-30-00:00,2024-03-31-00:00,first,"[0.2609299097848716, 0.1596113809854268, 0.12074947952810548, 0.12074947952810548, 0.09646079111727966, 0.07286606523247745, 0.062456627342123525, 0.05412907702984039, 0.0520471894517696]",0.0135042713399018,2.9651997981796177
FETUSDT,2024-03-30-00:00,2024-03-31-00:00,second,"[0.13601665510062458, 0.12283136710617627, 0.10201249132546843, 0.10756419153365718, 0.0936849410131853, 0.08674531575294935, 0.09021512838306732, 0.08188757807078417, 0.07702984038861901, 0.10201249132546843]",0.0091056841545674,3.3005678319175993
FETUSDT,2024-03-31-00:00,2024-04-01-00:00,first,"[0.2685634975711312, 0.19222761970853575, 0.1436502428868841, 0.10895211658570438, 0.0784177654406662, 0.07147814018043026, 0.05135322692574601, 0.0388619014573213, 0.046495489243580844]",0.0115909599426243,2.885242926276702
FETUSDT,2024-03-31-00:00,2024-04-01-00:00,second,"[0.09090909090909091, 0.11866759195003469, 0.11450381679389313, 0.1054823039555864, 0.0922970159611381, 0.11242192921582235, 0.09854267869535045, 0.0791117279666898, 0.10062456627342123, 0.08743927827897294]",0.0096043250594289,3.3111715903153116
FETUSDT,2024-04-01-00:00,2024-04-02-00:00,first,"[0.21790423317140875, 0.19222761970853575, 0.14642609299097847, 0.11727966689798751, 0.09576682859125607, 0.0652324774462179, 0.07147814018043026, 0.055517002081887576, 0.03816793893129771]",0.0205399169569656,2.9692846257789784
FETUSDT,2024-04-01-00:00,2024-04-02-00:00,second,"[0.12005551700208189, 0.09646079111727966, 0.1040943789035392, 0.09715475364330327, 0.09715475364330327, 0.10201249132546843, 0.11172796668979876, 0.08049965301873699, 0.09090909090909091, 0.09993060374739764]",0.0084674047710088,3.314333869501611
FETUSDT,2024-04-02-00:00,2024-04-03-00:00,first,"[0.28036086051353226, 0.1443442054129077, 0.11103400416377515, 0.10964607911172797, 0.10825815405968078, 0.0777238029146426, 0.06176266481609993, 0.05759888965995836, 0.049271339347675226]",0.0147379824972771,2.952145498138223
FETUSDT,2024-04-02-00:00,2024-04-03-00:00,second,"[0.13948646773074255, 0.11589174184594032, 0.10062456627342123, 0.0936849410131853, 0.09021512838306732, 0.09299097848716169, 0.09784871616932686, 0.08813324080499653, 0.0916030534351145, 0.08952116585704371]",0.0069679263228281,3.3063808288823044
FETUSDT,2024-04-03-00:00,2024-04-04-00:00,first,"[0.26578764746703676, 0.18875780707841777, 0.1339347675225538, 0.1054823039555864, 0.09646079111727966, 0.07356002775850104, 0.05759888965995836, 0.04580152671755725, 0.03261623872310895]",0.0120283673515695,2.897271522371776
FETUSDT,2024-04-03-00:00,2024-04-04-00:00,second,"[0.12144344205412907, 0.11034004163775156, 0.10617626648161, 0.10201249132546843, 0.11589174184594032, 0.07494795281054822, 0.08605135322692574, 0.10201249132546843, 0.0916030534351145, 0.08952116585704371]",0.0075130057494157,3.308240121184847
FETUSDT,2024-04-04-00:00,2024-04-05-00:00,first,"[0.28521859819569745, 0.19569743233865372, 0.13740458015267176, 0.1040943789035392, 0.07633587786259542, 0.07286606523247745, 0.056210964607911175, 0.03816793893129771, 0.034004163775156145]",0.0100390351832647,2.84776896139502
FETUSDT,2024-04-04-00:00,2024-04-05-00:00,second,"[0.13601665510062458, 0.12907702984038863, 0.10617626648161, 0.09437890353920889, 0.08258154059680778, 0.10201249132546843, 0.09784871616932686, 0.0791117279666898, 0.08535739070090215, 0.08743927827897294]",0.0087550950134586,3.2988436139290753
FETUSDT,2024-04-05-00:00,2024-04-06-00:00,first,"[0.24219292158223457, 0.16308119361554477, 0.17418459403192227, 0.12213740458015267, 0.08952116585704371, 0.06870229007633588, 0.05412907702984039, 0.047883414295628035, 0.03816793893129771]",0.0192374820557467,2.9264355421164283
FETUSDT,2024-04-05-00:00,2024-04-06-00:00,second,"[0.12144344205412907, 0.1054823039555864, 0.11034004163775156, 0.09576682859125607, 0.10270645385149202, 0.10062456627342123, 0.09923664122137404, 0.09715475364330327, 0.08466342817487855, 0.08258154059680778]",0.0044585935913081,3.313498547827173
FETUSDT,2024-04-06-00:00,2024-04-07-00:00,first,"[0.30326162387231087, 0.19361554476058293, 0.13740458015267176, 0.09646079111727966, 0.06453851492019431, 0.06315058986814712, 0.05065926439972242, 0.046495489243580844, 0.04441360166551006]",0.007160390546134,2.8297370529946817
FETUSDT,2024-04-06-00:00,2024-04-07-00:00,second,"[0.12630117973629423, 0.11866759195003469, 0.10340041637751561, 0.10895211658570438, 0.09299097848716169, 0.0916030534351145, 0.08743927827897294, 0.0936849410131853, 0.08952116585704371, 0.08743927827897294]",0.0047495892559363,3.309931713001536
FETUSDT,2024-04-07-00:00,2024-04-08-00:00,first,"[0.3136710617626648, 0.18945176960444135, 0.12213740458015267, 0.07217210270645386, 0.0652324774462179, 0.07286606523247745, 0.0659264399722415, 0.0520471894517696, 0.046495489243580844]",0.0092195579847014,2.842193913858602
FETUSDT,2024-04-07-00:00,2024-04-08-00:00,second,"[0.11172796668979876, 0.11519777931991672, 0.11172796668979876, 0.11242192921582235, 0.09784871616932686, 0.08188757807078417, 0.10131852879944483, 0.0936849410131853, 0.08605135322692574, 0.08813324080499653]",0.0053438292177617,3.3119636484584984
FETUSDT,2024-04-08-00:00,2024-04-09-00:00,first,"[0.3046495489243581, 0.15197779319916724, 0.12421929215822346, 0.10270645385149202, 0.07286606523247745, 0.07217210270645386, 0.056210964607911175, 0.056210964607911175, 0.05898681471200555]",0.0073175718870029,2.903297515217984
FETUSDT,2024-04-08-00:00,2024-04-09-00:00,second,"[0.10340041637751561, 0.1325468424705066, 0.09576682859125607, 0.10825815405968078, 0.09646079111727966, 0.09784871616932686, 0.08188757807078417, 0.10270645385149202, 0.0916030534351145, 0.08952116585704371]",0.0089336182992338,3.3102640550664315
FETUSDT,2024-04-09-00:00,2024-04-10-00:00,first,"[0.31297709923664124, 0.20957668285912562, 0.11866759195003469, 0.0777238029146426, 0.0791117279666898, 0.05690492713393477, 0.0659264399722415, 0.04302567661346287, 0.03608605135322693]",0.0118593378601464,2.80005627038119
FETUSDT,2024-04-09-00:00,2024-04-10-00:00,second,"[0.1179736294240111, 0.11519777931991672, 0.11172796668979876, 0.11034004163775156, 0.09576682859125607, 0.10617626648161, 0.08188757807078417, 0.08258154059680778, 0.09437890353920889, 0.08396946564885496]",0.0053065011286155,3.3089904156226018
FETUSDT,2024-04-10-00:00,2024-04-11-00:00,first,"[0.2914642609299098, 0.16585704371963914, 0.1443442054129077, 0.08882720333102012, 0.07494795281054822, 0.06315058986814712, 0.07009021512838307, 0.04580152671755725, 0.055517002081887576]",0.0091696107725592,2.8975162942768766
FETUSDT,2024-04-10-00:00,2024-04-11-00:00,second,"[0.12699514226231784, 0.09923664122137404, 0.11727966689798751, 0.09784871616932686, 0.08327550312283137, 0.09507286606523248, 0.09299097848716169, 0.09715475364330327, 0.08743927827897294, 0.10270645385149202]",0.0080571815450831,3.3110300218461326
FETUSDT,2024-04-11-00:00,2024-04-12-00:00,first,"[0.29909784871616935, 0.18667591950034698, 0.1325468424705066, 0.09993060374739764, 0.0784177654406662, 0.0659264399722415, 0.047883414295628035, 0.05135322692574601, 0.03816793893129771]",0.0047586803387951,2.847694316413399
FETUSDT,2024-04-11-00:00,2024-04-12-00:00,second,"[0.131852879944483, 0.11242192921582235, 0.11450381679389313, 0.09576682859125607, 0.0916030534351145, 0.09507286606523248, 0.08674531575294935, 0.0916030534351145, 0.08743927827897294, 0.09299097848716169]",0.0054201239461935,3.3085281061029557
FETUSDT,2024-04-12-00:00,2024-04-13-00:00,first,"[0.3421235253296322, 0.16724496877168632, 0.12491325468424705, 0.08119361554476058, 0.07356002775850104, 0.06453851492019431, 0.05343511450381679, 0.04371963913948647, 0.049271339347675226]",0.0099127507672557,2.7992245349478835
FETUSDT,2024-04-12-00:00,2024-04-13-00:00,second,"[0.12005551700208189, 0.12283136710617627, 0.11311589174184594, 0.09299097848716169, 0.09923664122137404, 0.09646079111727966, 0.0936849410131853, 0.0936849410131853, 0.0784177654406662, 0.08952116585704371]",0.0043557751226482,3.3090109931234166
FETUSDT,2024-04-13-00:00,2024-04-14-00:00,first,"[0.2227619708535739, 0.20957668285912562, 0.15475364330326163, 0.12074947952810548, 0.09646079111727966, 0.07009021512838307, 0.05898681471200555, 0.040943789035392086, 0.025676613462873005]",0.0241239189600441,2.899453471332858
FETUSDT,2024-04-13-00:00,2024-04-14-00:00,second,"[0.11311589174184594, 0.09576682859125607, 0.09715475364330327, 0.0936849410131853, 0.0922970159611381, 0.10131852879944483, 0.11034004163775156, 0.10617626648161, 0.09576682859125607, 0.09437890353920889]",0.0110018405115511,3.31842311917893
FETUSDT,2024-04-14-00:00,2024-04-15-00:00,first,"[0.2588480222068008, 0.11589174184594032, 0.10131852879944483, 0.10617626648161, 0.11103400416377515, 0.11311589174184594, 0.07147814018043026, 0.05968077723802915, 0.062456627342123525]",0.0280003774390614,3.015609306141163
FETUSDT,2024-04-14-00:00,2024-04-15-00:00,second,"[0.13671061762664816, 0.11727966689798751, 0.12838306731436502, 0.11380985426786953, 0.09090909090909091, 0.08813324080499653, 0.09646079111727966, 0.07147814018043026, 0.07494795281054822, 0.08188757807078417]",0.0105097660400417,3.2887599678459893
FETUSDT,2024-04-15-00:00,2024-04-16-00:00,first,"[0.2824427480916031, 0.16030534351145037, 0.1297709923664122, 0.11034004163775156, 0.0922970159611381, 0.062456627342123525, 0.07147814018043026, 0.04441360166551006, 0.046495489243580844]",0.0101338324859933,2.916335020102198
FETUSDT,2024-04-15-00:00,2024-04-16-00:00,second,"[0.13948646773074255, 0.09715475364330327, 0.10617626648161, 0.09854267869535045, 0.10756419153365718, 0.10617626648161, 0.10062456627342123, 0.07147814018043026, 0.08258154059680778, 0.09021512838306732]",0.0098059651789974,3.3013399998903865
FETUSDT,2024-04-16-00:00,2024-04-17-00:00,first,"[0.2741151977793199, 0.1589174184594032, 0.1304649548924358, 0.10825815405968078, 0.08882720333102012, 0.0798056904927134, 0.06176266481609993, 0.0520471894517696, 0.04580152671755725]",0.0097974752179865,2.93922439420526
FETUSDT,2024-04-16-00:00,2024-04-17-00:00,second,"[0.1304649548924358, 0.10756419153365718, 0.11519777931991672, 0.11658570437196392, 0.1040943789035392, 0.09715475364330327, 0.08882720333102012, 0.08258154059680778, 0.09299097848716169, 0.06453851492019431]",0.0078205460272417,3.2977600189963754
FETUSDT,2024-04-17-00:00,2024-04-18-00:00,first,"[0.2907702984038862, 0.1873698820263706, 0.13532269257460097, 0.10895211658570438, 0.06453851492019431, 0.07356002775850104, 0.04371963913948647, 0.04580152671755725, 0.04996530187369882]",0.0098946071012332,2.8590672777322377
FETUSDT,2024-04-17-00:00,2024-04-18-00:00,second,"[0.13324080499653018, 0.11034004163775156, 0.10201249132546843, 0.1054823039555864, 0.09576682859125607, 0.0936849410131853, 0.0916030534351145, 0.08743927827897294, 0.09715475364330327, 0.08327550312283137]",0.0048597960377436,3.3093929440040903
FETUSDT,2024-04-18-00:00,2024-04-19-00:00,first,"[0.33518390006939625, 0.19153365718251214, 0.11658570437196392, 0.09437890353920889, 0.07564191533657183, 0.05343511450381679, 0.03678001387925052, 0.04996530187369882, 0.046495489243580844]",0.0111854002700336,2.7727687225509516
FETUSDT,2024-04-18-00:00,2024-04-19-00:00,second,"[0.12074947952810548, 0.11172796668979876, 0.10062456627342123, 0.11658570437196392, 0.09299097848716169, 0.10062456627342123, 0.08258154059680778, 0.09854267869535045, 0.09646079111727966, 0.0791117279666898]",0.0068710225014986,3.30998274242784
FETUSDT,2024-04-19-00:00,2024-04-20-00:00,first,"[0.3025676613462873, 0.1707147814018043, 0.12560721721027066, 0.11103400416377515, 0.0791117279666898, 0.0659264399722415, 0.05412907702984039, 0.05065926439972242, 0.040249826509368494]",0.0036289194311101,2.865696575307747
FETUSDT,2024-04-19-00:00,2024-04-20-00:00,second,"[0.12421929215822346, 0.12907702984038863, 0.10340041637751561, 0.11172796668979876, 0.10201249132546843, 0.08882720333102012, 0.08535739070090215, 0.0798056904927134, 0.08743927827897294, 0.08813324080499653]",0.0063931068516414,3.3033799566015056
FETUSDT,2024-04-20-00:00,2024-04-21-00:00,first,"[0.32061068702290074, 0.16377515614156835, 0.12630117973629423, 0.12005551700208189, 0.07425399028452463, 0.07009021512838307, 0.04441360166551006, 0.049271339347675226, 0.031228313671061762]",0.0104960142174909,2.8148512289162806
FETUSDT,2024-04-20-00:00,2024-04-21-00:00,second,"[0.10687022900763359, 0.10617626648161, 0.10756419153365718, 0.11866759195003469, 0.09993060374739764, 0.09576682859125607, 0.08535739070090215, 0.09646079111727966, 0.09854267869535045, 0.08466342817487855]",0.0062838917366481,3.3148953941354016
FETUSDT,2024-04-21-00:00,2024-04-22-00:00,first,"[0.3060374739764053, 0.19083969465648856, 0.14295628036086053, 0.11103400416377515, 0.07633587786259542, 0.062456627342123525, 0.03678001387925052, 0.03261623872310895, 0.040943789035392086]",0.0115327664047801,2.790360890003808
FETUSDT,2024-04-21-00:00,2024-04-22-00:00,second,"[0.11034004163775156, 0.11311589174184594, 0.11380985426786953, 0.08535739070090215, 0.09923664122137404, 0.09715475364330327, 0.09507286606523248, 0.09784871616932686, 0.09021512838306732, 0.09784871616932686]",0.0060314338402204,3.316024774295965
FETUSDT,2024-04-22-00:00,2024-04-23-00:00,first,"[0.28383067314365024, 0.21790423317140875, 0.1325468424705066, 0.1040943789035392, 0.0791117279666898, 0.05898681471200555, 0.04580152671755725, 0.04371963913948647, 0.034004163775156145]",0.0125789879718704,2.8183534598967186
FETUSDT,2024-04-22-00:00,2024-04-23-00:00,second,"[0.10270645385149202, 0.1193615544760583, 0.11519777931991672, 0.10131852879944483, 0.10687022900763359, 0.09993060374739764, 0.09021512838306732, 0.09507286606523248, 0.08813324080499653, 0.08119361554476058]",0.0053894380179607,3.3127187887609795
FETUSDT,2024-04-23-00:00,2024-04-24-00:00,first,"[0.31714087439278277, 0.19014573213046496, 0.11172796668979876, 0.10201249132546843, 0.07286606523247745, 0.06315058986814712, 0.048577376821651634, 0.05135322692574601, 0.04302567661346287]",0.007881896577636,2.824235690154053
FETUSDT,2024-04-23-00:00,2024-04-24-00:00,second,"[0.1040943789035392, 0.1040943789035392, 0.11242192921582235, 0.11589174184594032, 0.10687022900763359, 0.09646079111727966, 0.09437890353920889, 0.09576682859125607, 0.08396946564885496, 0.08605135322692574]",0.0058395293624816,3.3146644907656886
FETUSDT,2024-04-24-00:00,2024-04-25-00:00,first,"[0.3025676613462873, 0.1873698820263706, 0.11866759195003469, 0.08396946564885496, 0.0784177654406662, 0.06800832755031229, 0.04996530187369882, 0.05759888965995836, 0.05343511450381679]",0.0062226261618696,2.8702793026330857
FETUSDT,2024-04-24-00:00,2024-04-25-00:00,second,"[0.10617626648161, 0.10895211658570438, 0.10756419153365718, 0.10617626648161, 0.10687022900763359, 0.09993060374739764, 0.08258154059680778, 0.10131852879944483, 0.08674531575294935, 0.0936849410131853]",0.0062632458842228,3.3161297150068774
FETUSDT,2024-04-25-00:00,2024-04-26-00:00,first,"[0.2609299097848716, 0.16863289382373353, 0.13809854267869534, 0.11380985426786953, 0.08258154059680778, 0.08049965301873699, 0.05968077723802915, 0.05135322692574601, 0.04441360166551006]",0.0108671866680494,2.942022488265022
FETUSDT,2024-04-25-00:00,2024-04-26-00:00,second,"[0.10687022900763359, 0.11658570437196392, 0.11450381679389313, 0.12352532963219987, 0.08327550312283137, 0.09437890353920889, 0.09090909090909091, 0.08188757807078417, 0.08813324080499653, 0.09993060374739764]",0.0086140254139746,3.307981312268187
FETUSDT,2024-04-26-00:00,2024-04-27-00:00,first,"[0.3108952116585704, 0.18181818181818182, 0.10617626648161, 0.09021512838306732, 0.0916030534351145, 0.06870229007633588, 0.05135322692574601, 0.05065926439972242, 0.048577376821651634]",0.0072420739669508,2.859049714349333
FETUSDT,2024-04-26-00:00,2024-04-27-00:00,second,"[0.12005551700208189, 0.11242192921582235, 0.12213740458015267, 0.11658570437196392, 0.09021512838306732, 0.09507286606523248, 0.09507286606523248, 0.08258154059680778, 0.08049965301873699, 0.08535739070090215]",0.0056012934092512,3.30498322835968
FETUSDT,2024-04-27-00:00,2024-04-28-00:00,first,"[0.30950728660652327, 0.1852879944482998, 0.11450381679389313, 0.0922970159611381, 0.07425399028452463, 0.06453851492019431, 0.055517002081887576, 0.05135322692574601, 0.0527411519777932]",0.0055240871623651,2.858726984474217
FETUSDT,2024-04-27-00:00,2024-04-28-00:00,second,"[0.12213740458015267, 0.12005551700208189, 0.12005551700208189, 0.10062456627342123, 0.08396946564885496, 0.11103400416377515, 0.08813324080499653, 0.09507286606523248, 0.07702984038861901, 0.08188757807078417]",0.0077870425462905,3.3024698261691565
FETUSDT,2024-04-28-00:00,2024-04-29-00:00,first,"[0.32130464954892435, 0.18043025676613464, 0.10340041637751561, 0.08952116585704371, 0.08605135322692574, 0.06037473976405274, 0.061068702290076333, 0.05412907702984039, 0.04371963913948647]",0.0083415708154547,2.842722395571004
FETUSDT,2024-04-28-00:00,2024-04-29-00:00,second,"[0.12630117973629423, 0.11450381679389313, 0.11103400416377515, 0.09923664122137404, 0.09993060374739764, 0.10617626648161, 0.09784871616932686, 0.08535739070090215, 0.08188757807078417, 0.0777238029146426]",0.004684228149919,3.3066900939514414
FETUSDT,2024-04-29-00:00,2024-04-30-00:00,first,"[0.32685634975711314, 0.19361554476058293, 0.12005551700208189, 0.07564191533657183, 0.07147814018043026, 0.07425399028452463, 0.0520471894517696, 0.040249826509368494, 0.04580152671755725]",0.0112670836908504,2.797686567033287
FETUSDT,2024-04-29-00:00,2024-04-30-00:00,second,"[0.11589174184594032, 0.12560721721027066, 0.10756419153365718, 0.10687022900763359, 0.09646079111727966, 0.0936849410131853, 0.09090909090909091, 0.08049965301873699, 0.09784871616932686, 0.08466342817487855]",0.0049072890339707,3.309323078393148
FETUSDT,2024-04-30-00:00,2024-05-01-00:00,first,"[0.3199167244968772, 0.18181818181818182, 0.11172796668979876, 0.10062456627342123, 0.07564191533657183, 0.06315058986814712, 0.06037473976405274, 0.046495489243580844, 0.040249826509368494]",0.006824666143806,2.830117077742387
FETUSDT,2024-04-30-00:00,2024-05-01-00:00,second,"[0.14226231783483692, 0.10131852879944483, 0.10617626648161, 0.10270645385149202, 0.09299097848716169, 0.09854267869535045, 0.08952116585704371, 0.09299097848716169, 0.08674531575294935, 0.08674531575294935]",0.0057670890087599,3.305999918462306
FETUSDT,2024-05-01-00:00,2024-05-02-00:00,first,"[0.32199861207494795, 0.19361554476058293, 0.13809854267869534, 0.09507286606523248, 0.06315058986814712, 0.06037473976405274, 0.04233171408743928, 0.04302567661346287, 0.04233171408743928]",0.0114783795969475,2.779941889142899
FETUSDT,2024-05-01-00:00,2024-05-02-00:00,second,"[0.12283136710617627, 0.10687022900763359, 0.12491325468424705, 0.10131852879944483, 0.09854267869535045, 0.09437890353920889, 0.09507286606523248, 0.08743927827897294, 0.08466342817487855, 0.08396946564885496]",0.004188396894046,3.308567068081257
FETUSDT,2024-05-02-00:00,2024-05-03-00:00,first,"[0.29285218598195695, 0.17904233171408743, 0.13462873004857737, 0.10270645385149202, 0.07147814018043026, 0.061068702290076333, 0.056210964607911175, 0.06176266481609993, 0.040249826509368494]",0.0064550331801861,2.876370762382911
FETUSDT,2024-05-02-00:00,2024-05-03-00:00,second,"[0.1193615544760583, 0.1193615544760583, 0.10131852879944483, 0.09784871616932686, 0.1040943789035392, 0.09576682859125607, 0.0922970159611381, 0.0922970159611381, 0.08674531575294935, 0.09090909090909091]",0.003422878649479,3.3137207151508155
FETUSDT,2024-05-03-00:00,2024-05-04-00:00,first,"[0.3525329632199861, 0.17626648160999306, 0.11519777931991672, 0.08674531575294935, 0.07217210270645386, 0.062456627342123525, 0.04302567661346287, 0.04718945176960444, 0.04441360166551006]",0.011484042246737,2.763099265343315
FETUSDT,2024-05-03-00:00,2024-05-04-00:00,second,"[0.10270645385149202, 0.11727966689798751, 0.11727966689798751, 0.1040943789035392, 0.1054823039555864, 0.09646079111727966, 0.10617626648161, 0.0922970159611381, 0.07425399028452463, 0.08396946564885496]",0.0063536780922051,3.3094477739487798
FETUSDT,2024-05-04-00:00,2024-05-05-00:00,first,"[0.3275503122831367, 0.17002081887578072, 0.11103400416377515, 0.09646079111727966, 0.08882720333102012, 0.05829285218598196, 0.0527411519777932, 0.03678001387925052, 0.05829285218598196]",0.0108225856728572,2.827027610608226
FETUSDT,2024-05-04-00:00,2024-05-05-00:00,second,"[0.12005551700208189, 0.1054823039555864, 0.10895211658570438, 0.09299097848716169, 0.10062456627342123, 0.1040943789035392, 0.0922970159611381, 0.10062456627342123, 0.09090909090909091, 0.08396946564885496]",0.0043703974853006,3.3149247499222083
FETUSDT,2024-05-05-00:00,2024-05-06-00:00,first,"[0.3331020124913255, 0.17696044413601666, 0.11589174184594032, 0.08188757807078417, 0.08674531575294935, 0.05968077723802915, 0.04441360166551006, 0.05065926439972242, 0.05065926439972242]",0.0100904545449003,2.810554620839157
FETUSDT,2024-05-05-00:00,2024-05-06-00:00,second,"[0.11380985426786953, 0.12630117973629423, 0.10270645385149202, 0.09923664122137404, 0.09437890353920889, 0.10201249132546843, 0.10687022900763359, 0.08674531575294935, 0.09576682859125607, 0.07217210270645386]",0.0078877200177751,3.307708955900805
FETUSDT,2024-05-06-00:00,2024-05-07-00:00,first,"[0.29493407356002777, 0.1714087439278279, 0.12630117973629423, 0.11450381679389313, 0.0791117279666898, 0.061068702290076333, 0.06384455239417071, 0.048577376821651634, 0.040249826509368494]",0.0055130782956255,2.8785042127011566
FETUSDT,2024-05-06-00:00,2024-05-07-00:00,second,"[0.11727966689798751, 0.10895211658570438, 0.09993060374739764, 0.10895211658570438, 0.10617626648161, 0.08466342817487855, 0.09715475364330327, 0.08743927827897294, 0.1054823039555864, 0.08396946564885496]",0.0064365777611535,3.3132825440519604
FETUSDT,2024-05-07-00:00,2024-05-08-00:00,first,"[0.2768910478834143, 0.19222761970853575, 0.1325468424705066, 0.10131852879944483, 0.09437890353920889, 0.05829285218598196, 0.05690492713393477, 0.04580152671755725, 0.041637751561415685]",0.0096334755106741,2.881834548546735
FETUSDT,2024-05-07-00:00,2024-05-08-00:00,second,"[0.11242192921582235, 0.10895211658570438, 0.11311589174184594, 0.10340041637751561, 0.08258154059680778, 0.10964607911172797, 0.0922970159611381, 0.10756419153365718, 0.08327550312283137, 0.08674531575294935]",0.0072446804010108,3.3117356870918906
FETUSDT,2024-05-08-00:00,2024-05-09-00:00,first,"[0.2997918112421929, 0.20680083275503122, 0.12560721721027066, 0.11034004163775156, 0.07009021512838307, 0.05759888965995836, 0.05065926439972242, 0.046495489243580844, 0.03261623872310895]",0.0099573517624479,2.8088833553363703
FETUSDT,2024-05-08-00:00,2024-05-09-00:00,second,"[0.1311589174184594, 0.10895211658570438, 0.09923664122137404, 0.09576682859125607, 0.1040943789035392, 0.09437890353920889, 0.0922970159611381, 0.09299097848716169, 0.08882720333102012, 0.0922970159611381]",0.0052923256661402,3.3123299280876193
FETUSDT,2024-05-09-00:00,2024-05-10-00:00,first,"[0.30326162387231087, 0.20055517002081888, 0.12352532963219987, 0.10270645385149202, 0.0791117279666898, 0.05759888965995836, 0.049271339347675226, 0.04233171408743928, 0.041637751561415685]",0.0072204400037562,2.8216039175593304
FETUSDT,2024-05-09-00:00,2024-05-10-00:00,second,"[0.11658570437196392, 0.11866759195003469, 0.09507286606523248, 0.09507286606523248, 0.08743927827897294, 0.10478834142956281, 0.09646079111727966, 0.10270645385149202, 0.08119361554476058, 0.10201249132546843]",0.0090688506707253,3.3130657944242703
FETUSDT,2024-05-10-00:00,2024-05-11-00:00,first,"[0.3157529493407356, 0.18181818181818182, 0.11727966689798751, 0.09576682859125607, 0.07078417765440666, 0.07217210270645386, 0.0527411519777932, 0.05065926439972242, 0.04302567661346287]",0.0057055976700212,2.840322599865413
FETUSDT,2024-05-10-00:00,2024-05-11-00:00,second,"[0.10964607911172797, 0.10756419153365718, 0.11103400416377515, 0.09437890353920889, 0.09715475364330327, 0.08813324080499653, 0.10617626648161, 0.10825815405968078, 0.08882720333102012, 0.08882720333102012]",0.0076014403344809,3.316056739336191
FETUSDT,2024-05-11-00:00,2024-05-12-00:00,first,"[0.3004857737682165, 0.18806384455239417, 0.11727966689798751, 0.09090909090909091, 0.07564191533657183, 0.07702984038861901, 0.054823039555863984, 0.048577376821651634, 0.04718945176960444]",0.0052194661030328,2.867866212000303
FETUSDT,2024-05-11-00:00,2024-05-12-00:00,second,"[0.12213740458015267, 0.12005551700208189, 0.11450381679389313, 0.09784871616932686, 0.09437890353920889, 0.09646079111727966, 0.08605135322692574, 0.09715475364330327, 0.08119361554476058, 0.09021512838306732]",0.0052652816130514,3.309121960518991
FETUSDT,2024-05-12-00:00,2024-05-13-00:00,first,"[0.30811936155447606, 0.16585704371963914, 0.1193615544760583, 0.0922970159611381, 0.08535739070090215, 0.0659264399722415, 0.062456627342123525, 0.05829285218598196, 0.04233171408743928]",0.0055267823659576,2.880252329945841
FETUSDT,2024-05-12-00:00,2024-05-13-00:00,second,"[0.12213740458015267, 0.11866759195003469, 0.0936849410131853, 0.11380985426786953, 0.11589174184594032, 0.09437890353920889, 0.08743927827897294, 0.08396946564885496, 0.07633587786259542, 0.0936849410131853]",0.0081974094193028,3.304836342104738
FETUSDT,2024-05-13-00:00,2024-05-14-00:00,first,"[0.26925746009715473, 0.20055517002081888, 0.13740458015267176, 0.09923664122137404, 0.0784177654406662, 0.05968077723802915, 0.05968077723802915, 0.05135322692574601, 0.04441360166551006]",0.0091435372136742,2.891680972315904
FETUSDT,2024-05-13-00:00,2024-05-14-00:00,second,"[0.10825815405968078, 0.09784871616932686, 0.09576682859125607, 0.0916030534351145, 0.11172796668979876, 0.11242192921582235, 0.10617626648161, 0.09021512838306732, 0.0936849410131853, 0.0922970159611381]",0.0106761079744125,3.317018375473567
FETUSDT,2024-05-14-00:00,2024-05-15-00:00,first,"[0.3324080499653019, 0.17834836918806385, 0.10825815405968078, 0.08743927827897294, 0.0659264399722415, 0.07009021512838307, 0.061068702290076333, 0.0527411519777932, 0.04371963913948647]",0.009209772172061,2.821430830483132
FETUSDT,2024-05-14-00:00,2024-05-15-00:00,second,"[0.1054823039555864, 0.11519777931991672, 0.12560721721027066, 0.10062456627342123, 0.10201249132546843, 0.11034004163775156, 0.08605135322692574, 0.08188757807078417, 0.09646079111727966, 0.07633587786259542]",0.0084702453097718,3.3064873226373788
FETUSDT,2024-05-15-00:00,2024-05-16-00:00,first,"[0.3164469118667592, 0.16099930603747398, 0.11103400416377515, 0.10478834142956281, 0.07702984038861901, 0.07286606523247745, 0.055517002081887576, 0.04441360166551006, 0.05690492713393477]",0.0089693237332018,2.8692553830905974
FETUSDT,2024-05-15-00:00,2024-05-16-00:00,second,"[0.11658570437196392, 0.12283136710617627, 0.10062456627342123, 0.10340041637751561, 0.09784871616932686, 0.10201249132546843, 0.10131852879944483, 0.08188757807078417, 0.08535739070090215, 0.08813324080499653]",0.0050712401970957,3.3111714021527514
FETUSDT,2024-05-16-00:00,2024-05-17-00:00,first,"[0.2921582234559334, 0.17557251908396945, 0.13740458015267176, 0.1054823039555864, 0.08466342817487855, 0.06939625260235947, 0.05829285218598196, 0.04510756419153366, 0.031922276197085354]",0.0065045966220437,2.8630387028764592
FETUSDT,2024-05-16-00:00,2024-05-17-00:00,second,"[0.13948646773074255, 0.09923664122137404, 0.1040943789035392, 0.09646079111727966, 0.10201249132546843, 0.0916030534351145, 0.08258154059680778, 0.09646079111727966, 0.0922970159611381, 0.09576682859125607]",0.0086233457910535,3.3081665395954665
FETUSDT,2024-05-17-00:00,2024-05-18-00:00,first,"[0.2873004857737682, 0.19083969465648856, 0.1304649548924358, 0.08882720333102012, 0.07633587786259542, 0.0777238029146426, 0.054823039555863984, 0.0527411519777932, 0.040943789035392086]",0.0072533992665298,2.8786555350729857
FETUSDT,2024-05-17-00:00,2024-05-18-00:00,second,"[0.12768910478834142, 0.1040943789035392, 0.10964607911172797, 0.10687022900763359, 0.09784871616932686, 0.09646079111727966, 0.10270645385149202, 0.09021512838306732, 0.08327550312283137, 0.08119361554476058]",0.004141360628562,3.309983908005607
FETUSDT,2024-05-18-00:00,2024-05-19-00:00,first,"[0.29285218598195695, 0.1734906315058987, 0.12699514226231784, 0.10270645385149202, 0.08188757807078417, 0.07147814018043026, 0.055517002081887576, 0.048577376821651634, 0.046495489243580844]",0.0035174506118523,2.889651590347271
FETUSDT,2024-05-18-00:00,2024-05-19-00:00,second,"[0.12491325468424705, 0.11519777931991672, 0.11034004163775156, 0.11172796668979876, 0.09923664122137404, 0.09854267869535045, 0.09576682859125607, 0.0784177654406662, 0.09090909090909091, 0.07494795281054822]",0.0046110368244573,3.3051345205481444
FETUSDT,2024-05-19-00:00,2024-05-20-00:00,first,"[0.3143650242886884, 0.16516308119361556, 0.11242192921582235, 0.09021512838306732, 0.0791117279666898, 0.07078417765440666, 0.06176266481609993, 0.0527411519777932, 0.05343511450381679]",0.0067131973245483,2.8792684438552856
FETUSDT,2024-05-19-00:00,2024-05-20-00:00,second,"[0.13324080499653018, 0.10340041637751561, 0.10687022900763359, 0.11450381679389313, 0.09646079111727966, 0.09993060374739764, 0.08466342817487855, 0.09646079111727966, 0.07217210270645386, 0.0922970159611381]",0.008079525331756,3.3042492971208053
FETUSDT,2024-05-20-00:00,2024-05-21-00:00,first,"[0.3240804996530187, 0.19014573213046496, 0.10617626648161, 0.08327550312283137, 0.08605135322692574, 0.06662040249826509, 0.05135322692574601, 0.04441360166551006, 0.047883414295628035]",0.0102446684395722,2.8186341810963063
FETUSDT,2024-05-20-00:00,2024-05-21-00:00,second,"[0.1311589174184594, 0.10756419153365718, 0.09715475364330327, 0.10131852879944483, 0.09715475364330327, 0.09437890353920889, 0.10201249132546843, 0.0936849410131853, 0.0936849410131853, 0.08188757807078417]",0.0059130487083833,3.3116501764094624
FETUSDT,2024-05-21-00:00,2024-05-22-00:00,first,"[0.2546842470506593, 0.14989590562109645, 0.13740458015267176, 0.11727966689798751, 0.08813324080499653, 0.08466342817487855, 0.07217210270645386, 0.05343511450381679, 0.04233171408743928]",0.0168815285602539,2.97210540221328
FETUSDT,2024-05-21-00:00,2024-05-22-00:00,second,"[0.12283136710617627, 0.10617626648161, 0.09993060374739764, 0.09993060374739764, 0.10270645385149202, 0.09507286606523248, 0.10270645385149202, 0.09854267869535045, 0.0784177654406662, 0.0936849410131853]",0.0063520693085808,3.31393169607464
FETUSDT,2024-05-22-00:00,2024-05-23-00:00,first,"[0.29562803608605137, 0.18806384455239417, 0.1311589174184594, 0.09854267869535045, 0.08535739070090215, 0.061068702290076333, 0.04510756419153366, 0.056210964607911175, 0.0388619014573213]",0.0069022264017719,2.8534864745237467
FETUSDT,2024-05-22-00:00,2024-05-23-00:00,second,"[0.11589174184594032, 0.12213740458015267, 0.11103400416377515, 0.11380985426786953, 0.09437890353920889, 0.08882720333102012, 0.09437890353920889, 0.0777238029146426, 0.0922970159611381, 0.08952116585704371]",0.0060390088611148,3.3081911020453396
FETUSDT,2024-05-23-00:00,2024-05-24-00:00,first,"[0.28591256072172105, 0.19083969465648856, 0.14018043025676613, 0.0922970159611381, 0.062456627342123525, 0.0777238029146426, 0.05968077723802915, 0.04233171408743928, 0.048577376821651634]",0.0100613020121381,2.8712531381676003
FETUSDT,2024-05-23-00:00,2024-05-24-00:00,second,"[0.10201249132546843, 0.11866759195003469, 0.10687022900763359, 0.10201249132546843, 0.10756419153365718, 0.10270645385149202, 0.09299097848716169, 0.09784871616932686, 0.0916030534351145, 0.0777238029146426]",0.0059184845227404,3.3139119242272637
FETUSDT,2024-05-24-00:00,2024-05-25-00:00,first,"[0.29493407356002777, 0.2081887578070784, 0.1297709923664122, 0.08535739070090215, 0.08743927827897294, 0.05968077723802915, 0.054823039555863984, 0.04441360166551006, 0.03539208882720333]",0.0100417303868572,2.8261348739554286
FETUSDT,2024-05-24-00:00,2024-05-25-00:00,second,"[0.12560721721027066, 0.09923664122137404, 0.1040943789035392, 0.11311589174184594, 0.10478834142956281, 0.09437890353920889, 0.09784871616932686, 0.08396946564885496, 0.09784871616932686, 0.0791117279666898]",0.0067894124526031,3.310426683890905
FETUSDT,2024-05-25-00:00,2024-05-26-00:00,first,"[0.32061068702290074, 0.18112421929215822, 0.12560721721027066, 0.0784177654406662, 0.06800832755031229, 0.06800832755031229, 0.05759888965995836, 0.056210964607911175, 0.04441360166551006]",0.0069782471727991,2.8342265125855977
FETUSDT,2024-05-25-00:00,2024-05-26-00:00,second,"[0.12491325468424705, 0.10478834142956281, 0.12005551700208189, 0.11866759195003469, 0.0798056904927134, 0.09437890353920889, 0.0916030534351145, 0.09646079111727966, 0.0791117279666898, 0.09021512838306732]",0.0084265227952133,3.304407327430069
FETUSDT,2024-05-26-00:00,2024-05-27-00:00,first,"[0.28313671061762663, 0.17210270645385148, 0.12005551700208189, 0.0922970159611381, 0.07633587786259542, 0.07425399028452463, 0.061068702290076333, 0.0652324774462179, 0.055517002081887576]",0.0076052049969666,2.933426729873199
FETUSDT,2024-05-26-00:00,2024-05-27-00:00,second,"[0.12352532963219987, 0.1179736294240111, 0.10895211658570438, 0.10201249132546843, 0.09784871616932686, 0.0936849410131853, 0.08466342817487855, 0.0936849410131853, 0.09021512838306732, 0.08743927827897294]",0.0032960314802076,3.3111084055656748
FETUSDT,2024-05-27-00:00,2024-05-28-00:00,first,"[0.3337959750173491, 0.16377515614156835, 0.11519777931991672, 0.09090909090909091, 0.07147814018043026, 0.07147814018043026, 0.05135322692574601, 0.046495489243580844, 0.055517002081887576]",0.0104570758720883,2.831023827145098
FETUSDT,2024-05-27-00:00,2024-05-28-00:00,second,"[0.12768910478834142, 0.1193615544760583, 0.10687022900763359, 0.131852879944483, 0.10756419153365718, 0.08535739070090215, 0.08952116585704371, 0.08674531575294935, 0.07147814018043026, 0.07356002775850104]",0.0096521192479127,3.291064424780361
FETUSDT,2024-05-28-00:00,2024-05-29-00:00,first,"[0.28036086051353226, 0.18181818181818182, 0.1457321304649549, 0.09923664122137404, 0.08605135322692574, 0.07147814018043026, 0.04718945176960444, 0.04718945176960444, 0.040943789035392086]",0.0089440894581313,2.8783312277986397
FETUSDT,2024-05-28-00:00,2024-05-29-00:00,second,"[0.09923664122137404, 0.12144344205412907, 0.10062456627342123, 0.09715475364330327, 0.11727966689798751, 0.10340041637751561, 0.09854267869535045, 0.08535739070090215, 0.09090909090909091, 0.08605135322692574]",0.0081617930527902,3.3129053826655537
FETUSDT,2024-05-29-00:00,2024-05-30-00:00,first,"[0.2775850104094379, 0.17279666897987508, 0.1304649548924358, 0.09784871616932686, 0.08605135322692574, 0.0784177654406662, 0.061068702290076333, 0.04996530187369882, 0.04580152671755725]",0.0062059546453404,2.920947915482906
FETUSDT,2024-05-29-00:00,2024-05-30-00:00,second,"[0.12560721721027066, 0.1040943789035392, 0.10617626648161, 0.10756419153365718, 0.10201249132546843, 0.09646079111727966, 0.10131852879944483, 0.09299097848716169, 0.0791117279666898, 0.08466342817487855]",0.0042899302415887,3.3110857585503792
FETUSDT,2024-05-30-00:00,2024-05-31-00:00,first,"[0.2886884108258154, 0.16863289382373353, 0.13948646773074255, 0.09507286606523248, 0.08743927827897294, 0.07147814018043026, 0.05898681471200555, 0.0527411519777932, 0.03747397640527411]",0.0066490247040752,2.891428099157009
FETUSDT,2024-05-30-00:00,2024-05-31-00:00,second,"[0.12144344205412907, 0.10131852879944483, 0.11589174184594032, 0.09715475364330327, 0.11519777931991672, 0.09993060374739764, 0.09507286606523248, 0.09090909090909091, 0.08882720333102012, 0.07425399028452463]",0.006097948593787,3.3084506706217947
FETUSDT,2024-05-31-00:00,2024-06-01-00:00,first,"[0.3247744621790423, 0.17765440666204024, 0.11242192921582235, 0.10270645385149202, 0.08188757807078417, 0.0659264399722415, 0.046495489243580844, 0.05135322692574601, 0.03678001387925052]",0.0075580203258621,2.8168095411528
FETUSDT,2024-05-31-00:00,2024-06-01-00:00,second,"[0.11519777931991672, 0.11311589174184594, 0.12283136710617627, 0.10340041637751561, 0.08466342817487855, 0.09437890353920889, 0.10270645385149202, 0.09576682859125607, 0.08605135322692574, 0.08188757807078417]",0.0057512850981553,3.3093611269681773
FETUSDT,2024-06-01-00:00,2024-06-02-00:00,first,"[0.2923611111111111, 0.16944444444444445, 0.12777777777777777, 0.10208333333333333, 0.07777777777777778, 0.07361111111111111, 0.06111111111111111, 0.04375, 0.052083333333333336]",0.0053603755291855,2.8976362505354722
FETUSDT,2024-06-01-00:00,2024-06-02-00:00,second,"[0.12986111111111112, 0.12638888888888888, 0.09027777777777778, 0.09444444444444444, 0.09236111111111112, 0.09722222222222222, 0.09305555555555556, 0.0875, 0.08958333333333333, 0.09930555555555555]",0.0079094195335595,3.3076545019518337
FETUSDT,2024-06-02-00:00,2024-06-03-00:00,first,"[0.28313671061762663, 0.15267175572519084, 0.1304649548924358, 0.10270645385149202, 0.09784871616932686, 0.07147814018043026, 0.06662040249826509, 0.048577376821651634, 0.046495489243580844]",0.0097528742227943,2.928294619666471
FETUSDT,2024-06-02-00:00,2024-06-03-00:00,second,"[0.1304649548924358, 0.10478834142956281, 0.10825815405968078, 0.10270645385149202, 0.10270645385149202, 0.10270645385149202, 0.0916030534351145, 0.08605135322692574, 0.09646079111727966, 0.07425399028452463]",0.005620778693411,3.307683209257311
FETUSDT,2024-06-03-00:00,2024-06-04-00:00,first,"[0.30833333333333335, 0.18055555555555555, 0.125, 0.08611111111111111, 0.08402777777777778, 0.06805555555555555, 0.05763888888888889, 0.049305555555555554, 0.04097222222222222]",0.0039520433813381,2.8532069501445
FETUSDT,2024-06-03-00:00,2024-06-04-00:00,second,"[0.11527777777777778, 0.1111111111111111, 0.11875, 0.09722222222222222, 0.09444444444444444, 0.10625, 0.09791666666666667, 0.08611111111111111, 0.09027777777777778, 0.08263888888888889]",0.0053501840549432,3.3120052197679253
FETUSDT,2024-06-04-00:00,2024-06-05-00:00,first,"[0.2866065232477446, 0.1707147814018043, 0.12560721721027066, 0.09507286606523248, 0.0798056904927134, 0.06731436502428868, 0.06315058986814712, 0.05759888965995836, 0.05412907702984039]",0.0048082437806527,2.92050757567841
FETUSDT,2024-06-04-00:00,2024-06-05-00:00,second,"[0.1054823039555864, 0.11034004163775156, 0.11034004163775156, 0.12213740458015267, 0.10340041637751561, 0.08396946564885496, 0.10687022900763359, 0.08188757807078417, 0.08466342817487855, 0.09090909090909091]",0.0083651666334737,3.309616824589118
FETUSDT,2024-06-05-00:00,2024-06-06-00:00,first,"[0.32338653712699517, 0.18806384455239417, 0.10478834142956281, 0.0922970159611381, 0.06939625260235947, 0.06939625260235947, 0.056210964607911175, 0.04580152671755725, 0.05065926439972242]",0.0092623030601156,2.8277532280581354
FETUSDT,2024-06-05-00:00,2024-06-06-00:00,second,"[0.10617626648161, 0.11103400416377515, 0.11034004163775156, 0.11311589174184594, 0.09923664122137404, 0.09299097848716169, 0.09437890353920889, 0.08466342817487855, 0.08605135322692574, 0.10201249132546843]",0.0056648362334157,3.3149819306562742
FETUSDT,2024-06-06-00:00,2024-06-07-00:00,first,"[0.34975711311589175, 0.17626648160999306, 0.1040943789035392, 0.07494795281054822, 0.07425399028452463, 0.07217210270645386, 0.04718945176960444, 0.054823039555863984, 0.046495489243580844]",0.0130080375274336,2.787037498734494
FETUSDT,2024-06-06-00:00,2024-06-07-00:00,second,"[0.12768910478834142, 0.11311589174184594, 0.1179736294240111, 0.0916030534351145, 0.09784871616932686, 0.10687022900763359, 0.09576682859125607, 0.09507286606523248, 0.08049965301873699, 0.07356002775850104]",0.0068935858838247,3.303757761099382
FETUSDT,2024-06-07-00:00,2024-06-08-00:00,first,"[0.3018736988202637, 0.19014573213046496, 0.12768910478834142, 0.09299097848716169, 0.06870229007633588, 0.05898681471200555, 0.056210964607911175, 0.0520471894517696, 0.05135322692574601]",0.0053642106179037,2.8564461398317986
FETUSDT,2024-06-07-00:00,2024-06-08-00:00,second,"[0.12352532963219987, 0.10964607911172797, 0.10062456627342123, 0.12213740458015267, 0.10687022900763359, 0.10062456627342123, 0.0916030534351145, 0.0791117279666898, 0.09090909090909091, 0.07494795281054822]",0.0071004599851789,3.30443519895291
FETUSDT,2024-06-08-00:00,2024-06-09-00:00,first,"[0.3178348369188064, 0.1582234559333796, 0.11450381679389313, 0.0916030534351145, 0.07425399028452463, 0.07217210270645386, 0.06731436502428868, 0.054823039555863984, 0.049271339347675226]",0.0085637640606112,2.8783074891557274
FETUSDT,2024-06-08-00:00,2024-06-09-00:00,second,"[0.12768910478834142, 0.10825815405968078, 0.11172796668979876, 0.09923664122137404, 0.11242192921582235, 0.08327550312283137, 0.09576682859125607, 0.0936849410131853, 0.0922970159611381, 0.07564191533657183]",0.0066964075516145,3.306656790547622
FETUSDT,2024-06-09-00:00,2024-06-10-00:00,first,"[0.3247744621790423, 0.17418459403192227, 0.11519777931991672, 0.0798056904927134, 0.08466342817487855, 0.06939625260235947, 0.05898681471200555, 0.04718945176960444, 0.04580152671755725]",0.0072700034456137,2.8375546124832836
FETUSDT,2024-06-09-00:00,2024-06-10-00:00,second,"[0.1304649548924358, 0.11380985426786953, 0.11380985426786953, 0.1054823039555864, 0.08674531575294935, 0.08119361554476058, 0.0936849410131853, 0.09021512838306732, 0.09646079111727966, 0.08813324080499653]",0.0058527233596829,3.3067656978487476
FETUSDT,2024-06-10-00:00,2024-06-11-00:00,first,"[0.3229166666666667, 0.1638888888888889, 0.13819444444444445, 0.08680555555555555, 0.08263888888888889, 0.06944444444444445, 0.05555555555555555, 0.03680555555555556, 0.04375]",0.00913281699865,2.8238724673833895
FETUSDT,2024-06-10-00:00,2024-06-11-00:00,second,"[0.10555555555555556, 0.125, 0.10972222222222222, 0.10138888888888889, 0.09930555555555555, 0.10347222222222222, 0.10555555555555556, 0.075, 0.08611111111111111, 0.08888888888888889]",0.0069755925665546,3.309227284757137
FETUSDT,2024-06-11-00:00,2024-06-12-00:00,first,"[0.3046495489243581, 0.19500346981263011, 0.10617626648161, 0.07702984038861901, 0.06870229007633588, 0.0784177654406662, 0.06037473976405274, 0.062456627342123525, 0.04718945176960444]",0.0109159108260925,2.866451413305025
FETUSDT,2024-06-11-00:00,2024-06-12-00:00,second,"[0.13601665510062458, 0.11658570437196392, 0.1040943789035392, 0.10201249132546843, 0.09854267869535045, 0.1054823039555864, 0.09090909090909091, 0.08743927827897294, 0.0798056904927134, 0.0791117279666898]",0.005567611124283,3.302908285138239
FETUSDT,2024-06-12-00:00,2024-06-13-00:00,first,"[0.30881332408049966, 0.19361554476058293, 0.11103400416377515, 0.09021512838306732, 0.07078417765440666, 0.0777238029146426, 0.054823039555863984, 0.0527411519777932, 0.040249826509368494]",0.0083718348746358,2.844262850655254
FETUSDT,2024-06-12-00:00,2024-06-13-00:00,second,"[0.11311589174184594, 0.11450381679389313, 0.12144344205412907, 0.10756419153365718, 0.0922970159611381, 0.09923664122137404, 0.09993060374739764, 0.09299097848716169, 0.08049965301873699, 0.0784177654406662]",0.0056449100677253,3.3084046431614875
FETUSDT,2024-06-13-00:00,2024-06-14-00:00,first,"[0.31297709923664124, 0.16169326856349758, 0.11589174184594032, 0.09299097848716169, 0.08882720333102012, 0.0652324774462179, 0.06384455239417071, 0.05135322692574601, 0.04718945176960444]",0.0064618515466296,2.8769659120320408
FETUSDT,2024-06-13-00:00,2024-06-14-00:00,second,"[0.1193615544760583, 0.10340041637751561, 0.09923664122137404, 0.10270645385149202, 0.11103400416377515, 0.11242192921582235, 0.08952116585704371, 0.09854267869535045, 0.08119361554476058, 0.08258154059680778]",0.0069322369470885,3.31143412383646
FETUSDT,2024-06-14-00:00,2024-06-15-00:00,first,"[0.2824427480916031, 0.17834836918806385, 0.12352532963219987, 0.1054823039555864, 0.08605135322692574, 0.07078417765440666, 0.05343511450381679, 0.05135322692574601, 0.048577376821651634]",0.0054572193382995,2.906423751514168
FETUSDT,2024-06-14-00:00,2024-06-15-00:00,second,"[0.12768910478834142, 0.11311589174184594, 0.10131852879944483, 0.09993060374739764, 0.0922970159611381, 0.09784871616932686, 0.09299097848716169, 0.08813324080499653, 0.0916030534351145, 0.09507286606523248]",0.0046579660844516,3.3130487177940853
FETUSDT,2024-06-15-00:00,2024-06-16-00:00,first,"[0.32061068702290074, 0.12907702984038863, 0.11658570437196392, 0.08743927827897294, 0.07494795281054822, 0.08743927827897294, 0.08674531575294935, 0.046495489243580844, 0.05065926439972242]",0.0163840716936864,2.8936099858066346
FETUSDT,2024-06-15-00:00,2024-06-16-00:00,second,"[0.12144344205412907, 0.11866759195003469, 0.10478834142956281, 0.09299097848716169, 0.10201249132546843, 0.09923664122137404, 0.10895211658570438, 0.08535739070090215, 0.0777238029146426, 0.08882720333102012]",0.0060425177105326,3.3088909000991107
FETUSDT,2024-06-16-00:00,2024-06-17-00:00,first,"[0.2643997224149896, 0.16655100624566274, 0.11727966689798751, 0.1179736294240111, 0.08743927827897294, 0.0791117279666898, 0.05135322692574601, 0.06384455239417071, 0.0520471894517696]",0.0134374035158362,2.9567867589444585
FETUSDT,2024-06-16-00:00,2024-06-17-00:00,second,"[0.11658570437196392, 0.10131852879944483, 0.11172796668979876, 0.09993060374739764, 0.10270645385149202, 0.09299097848716169, 0.09437890353920889, 0.09507286606523248, 0.08743927827897294, 0.09784871616932686]",0.0047762255863279,3.317028851495536
FETUSDT,2024-06-17-00:00,2024-06-18-00:00,first,"[0.3046495489243581, 0.14642609299097847, 0.10825815405968078, 0.10617626648161, 0.08743927827897294, 0.07356002775850104, 0.06453851492019431, 0.06037473976405274, 0.048577376821651634]",0.0102990552474048,2.915022990708788
FETUSDT,2024-06-17-00:00,2024-06-18-00:00,second,"[0.12352532963219987, 0.12074947952810548, 0.11519777931991672, 0.11242192921582235, 0.09437890353920889, 0.08258154059680778, 0.09299097848716169, 0.09646079111727966, 0.08466342817487855, 0.07702984038861901]",0.0062565776605631,3.3037067351770166
FETUSDT,2024-06-18-00:00,2024-06-19-00:00,first,"[0.3018736988202637, 0.17210270645385148, 0.12213740458015267, 0.09993060374739764, 0.0784177654406662, 0.06453851492019431, 0.06176266481609993, 0.048577376821651634, 0.05065926439972242]",0.0027859523495742,2.882335353304266
FETUSDT,2024-06-18-00:00,2024-06-19-00:00,second,"[0.11172796668979876, 0.11658570437196392, 0.09923664122137404, 0.11450381679389313, 0.09507286606523248, 0.09854267869535045, 0.0916030534351145, 0.09437890353920889, 0.08188757807078417, 0.09646079111727966]",0.0060451307499124,3.3140719301351655
FETUSDT,2024-06-19-00:00,2024-06-20-00:00,first,"[0.34975711311589175, 0.21443442054129078, 0.11727966689798751, 0.07286606523247745, 0.05759888965995836, 0.048577376821651634, 0.04996530187369882, 0.047883414295628035, 0.041637751561415685]",0.0193489508750044,2.7104189029651464
FETUSDT,2024-06-19-00:00,2024-06-20-00:00,second,"[0.11658570437196392, 0.10340041637751561, 0.10131852879944483, 0.11034004163775156, 0.09437890353920889, 0.11311589174184594, 0.11658570437196392, 0.08743927827897294, 0.0784177654406662, 0.0784177654406662]",0.0091320211870486,3.3074466461943492
FETUSDT,2024-06-20-00:00,2024-06-21-00:00,first,"[0.30881332408049966, 0.1339347675225538, 0.12560721721027066, 0.0922970159611381, 0.0936849410131853, 0.07494795281054822, 0.06176266481609993, 0.05343511450381679, 0.055517002081887576]",0.0103932196844546,2.910853718649832
FETUSDT,2024-06-20-00:00,2024-06-21-00:00,second,"[0.1054823039555864, 0.10062456627342123, 0.11589174184594032, 0.09437890353920889, 0.1193615544760583, 0.10895211658570438, 0.08605135322692574, 0.09715475364330327, 0.07494795281054822, 0.09715475364330327]",0.0114717283583207,3.3100886269757424
FETUSDT,2024-06-21-00:00,2024-06-22-00:00,first,"[0.2650936849410132, 0.19222761970853575, 0.1304649548924358, 0.12144344205412907, 0.0798056904927134, 0.0777238029146426, 0.05968077723802915, 0.0395558639833449, 0.034004163775156145]",0.0131747324383385,2.8882616776391443
FETUSDT,2024-06-21-00:00,2024-06-22-00:00,second,"[0.1193615544760583, 0.12283136710617627, 0.09993060374739764, 0.09993060374739764, 0.12283136710617627, 0.09299097848716169, 0.0784177654406662, 0.08743927827897294, 0.08674531575294935, 0.08952116585704371]",0.0071976484673136,3.3050453910830506
FETUSDT,2024-06-22-00:00,2024-06-23-00:00,first,"[0.30811936155447606, 0.17002081887578072, 0.10201249132546843, 0.08327550312283137, 0.0784177654406662, 0.07356002775850104, 0.07009021512838307, 0.054823039555863984, 0.05968077723802915]",0.0096432613233146,2.898578253357286
FETUSDT,2024-06-22-00:00,2024-06-23-00:00,second,"[0.12421929215822346, 0.12074947952810548, 0.10131852879944483, 0.09993060374739764, 0.10617626648161, 0.10340041637751561, 0.0936849410131853, 0.07286606523247745, 0.08466342817487855, 0.09299097848716169]",0.0064588952261468,3.306409776764746
FETUSDT,2024-06-23-00:00,2024-06-24-00:00,first,"[0.30950728660652327, 0.18043025676613464, 0.11172796668979876, 0.08327550312283137, 0.0784177654406662, 0.06037473976405274, 0.06731436502428868, 0.06731436502428868, 0.041637751561415685]",0.0085112331725566,2.868889103440605
FETUSDT,2024-06-23-00:00,2024-06-24-00:00,second,"[0.1339347675225538, 0.11519777931991672, 0.09854267869535045, 0.11034004163775156, 0.11450381679389313, 0.0784177654406662, 0.08466342817487855, 0.0916030534351145, 0.09021512838306732, 0.08258154059680778]",0.0079330819481712,3.301641760199027
FETUSDT,2024-06-24-00:00,2024-06-25-00:00,first,"[0.3192227619708536, 0.16793893129770993, 0.12491325468424705, 0.10131852879944483, 0.0777238029146426, 0.05343511450381679, 0.06315058986814712, 0.04510756419153366, 0.04718945176960444]",0.0064870858217001,2.841143809623324
FETUSDT,2024-06-24-00:00,2024-06-25-00:00,second,"[0.1040943789035392, 0.1040943789035392, 0.12352532963219987, 0.10062456627342123, 0.0916030534351145, 0.10687022900763359, 0.09507286606523248, 0.08813324080499653, 0.0922970159611381, 0.0936849410131853]",0.0080019010903937,3.3151487582424393
FETUSDT,2024-06-25-00:00,2024-06-26-00:00,first,"[0.30811936155447606, 0.21165857043719638, 0.13532269257460097, 0.08605135322692574, 0.07078417765440666, 0.05898681471200555, 0.05065926439972242, 0.04302567661346287, 0.03539208882720333]",0.0117868073862913,2.7876290641986956
FETUSDT,2024-06-25-00:00,2024-06-26-00:00,second,"[0.1040943789035392, 0.12838306731436502, 0.11242192921582235, 0.09854267869535045, 0.09854267869535045, 0.1193615544760583, 0.0777238029146426, 0.08535739070090215, 0.09299097848716169, 0.08258154059680778]",0.0092397275398317,3.304636650176507
FETUSDT,2024-06-26-00:00,2024-06-27-00:00,first,"[0.3247744621790423, 0.1714087439278279, 0.12768910478834142, 0.09021512838306732, 0.08466342817487855, 0.0659264399722415, 0.0527411519777932, 0.04510756419153366, 0.03747397640527411]",0.0071060037383014,2.8186234109213544
FETUSDT,2024-06-26-00:00,2024-06-27-00:00,second,"[0.11727966689798751, 0.12074947952810548, 0.11103400416377515, 0.0916030534351145, 0.11450381679389313, 0.09299097848716169, 0.08813324080499653, 0.08674531575294935, 0.08605135322692574, 0.09090909090909091]",0.0058358469313056,3.309320147370607
FETUSDT,2024-06-27-00:00,2024-06-28-00:00,first,"[0.29562803608605137, 0.1734906315058987, 0.12005551700208189, 0.09993060374739764, 0.08952116585704371, 0.0652324774462179, 0.05412907702984039, 0.05412907702984039, 0.047883414295628035]",0.0041028864147049,2.8914091971087674
FETUSDT,2024-06-27-00:00,2024-06-28-00:00,second,"[0.11589174184594032, 0.11866759195003469, 0.11519777931991672, 0.0922970159611381, 0.10340041637751561, 0.09576682859125607, 0.09090909090909091, 0.08605135322692574, 0.09437890353920889, 0.08743927827897294]",0.0046993518296902,3.312074631653883
FETUSDT,2024-06-28-00:00,2024-06-29-00:00,first,"[0.26162387231089523, 0.21165857043719638, 0.1297709923664122, 0.10131852879944483, 0.09090909090909091, 0.05759888965995836, 0.056210964607911175, 0.046495489243580844, 0.04441360166551006]",0.0125635395094404,2.8876958919356017
FETUSDT,2024-06-28-00:00,2024-06-29-00:00,second,"[0.11311589174184594, 0.10478834142956281, 0.1193615544760583, 0.1179736294240111, 0.10270645385149202, 0.09715475364330327, 0.09784871616932686, 0.0777238029146426, 0.08466342817487855, 0.08466342817487855]",0.0063067748949571,3.308222472680418
FETUSDT,2024-06-29-00:00,2024-06-30-00:00,first,"[0.3324080499653019, 0.183206106870229, 0.10131852879944483, 0.0916030534351145, 0.06870229007633588, 0.06384455239417071, 0.05829285218598196, 0.0527411519777932, 0.047883414295628035]",0.0094463023532285,2.8190078412934088
FETUSDT,2024-06-29-00:00,2024-06-30-00:00,second,"[0.11866759195003469, 0.10895211658570438, 0.09646079111727966, 0.09993060374739764, 0.1054823039555864, 0.08952116585704371, 0.09576682859125607, 0.1040943789035392, 0.0936849410131853, 0.08743927827897294]",0.0059730795571534,3.316136993871222
FETUSDT,2024-06-30-00:00,2024-07-01-00:00,first,"[0.3136710617626648, 0.17973629424011103, 0.12491325468424705, 0.0798056904927134, 0.06800832755031229, 0.0652324774462179, 0.0659264399722415, 0.0520471894517696, 0.05065926439972242]",0.0066704522491341,2.8548484127644165
FETUSDT,2024-06-30-00:00,2024-07-01-00:00,second,"[0.11450381679389313, 0.12768910478834142, 0.11103400416377515, 0.0922970159611381, 0.10895211658570438, 0.10756419153365718, 0.09576682859125607, 0.08743927827897294, 0.0791117279666898, 0.07564191533657183]",0.0075868938793462,3.3037570745994387
FETUSDT,2024-07-01-00:00,2024-07-02-00:00,first,"[0.32061068702290074, 0.1984732824427481, 0.10687022900763359, 0.09021512838306732, 0.06662040249826509, 0.06384455239417071, 0.05829285218598196, 0.047883414295628035, 0.04718945176960444]",0.0097101291473802,2.817671673140632
FETUSDT,2024-07-01-00:00,2024-07-02-00:00,second,"[0.1193615544760583, 0.09993060374739764, 0.1054823039555864, 0.11103400416377515, 0.10270645385149202, 0.08882720333102012, 0.11103400416377515, 0.0916030534351145, 0.08882720333102012, 0.08119361554476058]",0.0058540355630274,3.3122991000612894
FETUSDT,2024-07-02-00:00,2024-07-03-00:00,first,"[0.3247744621790423, 0.19014573213046496, 0.10270645385149202, 0.09646079111727966, 0.06731436502428868, 0.06315058986814712, 0.05135322692574601, 0.05690492713393477, 0.04718945176960444]",0.0099962901078505,2.821868824679709
FETUSDT,2024-07-02-00:00,2024-07-03-00:00,second,"[0.11866759195003469, 0.12144344205412907, 0.10131852879944483, 0.10895211658570438, 0.10340041637751561, 0.08396946564885496, 0.08952116585704371, 0.0922970159611381, 0.09021512838306732, 0.09021512838306732]",0.0050151973864739,3.311147721974639
FETUSDT,2024-07-03-00:00,2024-07-04-00:00,first,"[0.3532269257460097, 0.17487855655794587, 0.09923664122137404, 0.08466342817487855, 0.07425399028452463, 0.0652324774462179, 0.06037473976405274, 0.041637751561415685, 0.046495489243580844]",0.0122928270114,2.7793108783599445
FETUSDT,2024-07-03-00:00,2024-07-04-00:00,second,"[0.09090909090909091, 0.12630117973629423, 0.1179736294240111, 0.12491325468424705, 0.08813324080499653, 0.07702984038861901, 0.10478834142956281, 0.08952116585704371, 0.08743927827897294, 0.09299097848716169]",0.0123108266553048,3.302631980302947
FETUSDT,2024-07-04-00:00,2024-07-05-00:00,first,"[0.3164469118667592, 0.1596113809854268, 0.12074947952810548, 0.0922970159611381, 0.07009021512838307, 0.07564191533657183, 0.05968077723802915, 0.05135322692574601, 0.05412907702984039]",0.0076384806925797,2.8743144171445887
FETUSDT,2024-07-04-00:00,2024-07-05-00:00,second,"[0.12560721721027066, 0.1193615544760583, 0.11589174184594032, 0.1040943789035392, 0.10340041637751561, 0.09646079111727966, 0.08119361554476058, 0.09021512838306732, 0.0791117279666898, 0.08466342817487855]",0.0043123713264519,3.3043605971850116
FETUSDT,2024-07-05-00:00,2024-07-06-00:00,first,"[0.2678695350451076, 0.1984732824427481, 0.13879250520471895, 0.12283136710617627, 0.0922970159611381, 0.06453851492019431, 0.04441360166551006, 0.0395558639833449, 0.031228313671061762]",0.0167273146655819,2.851597512249234
FETUSDT,2024-07-05-00:00,2024-07-06-00:00,second,"[0.11589174184594032, 0.11103400416377515, 0.10895211658570438, 0.11658570437196392, 0.09993060374739764, 0.09715475364330327, 0.08049965301873699, 0.08674531575294935, 0.08327550312283137, 0.09993060374739764]",0.0055595062503773,3.3104357291919415
FETUSDT,2024-07-06-00:00,2024-07-07-00:00,first,"[0.33448993754337264, 0.16724496877168632, 0.11727966689798751, 0.0798056904927134, 0.06662040249826509, 0.05759888965995836, 0.05690492713393477, 0.06176266481609993, 0.05829285218598196]",0.0125789879718704,2.8336611109424865
FETUSDT,2024-07-06-00:00,2024-07-07-00:00,second,"[0.10825815405968078, 0.1304649548924358, 0.11866759195003469, 0.08466342817487855, 0.1054823039555864, 0.0916030534351145, 0.1054823039555864, 0.07425399028452463, 0.09299097848716169, 0.08813324080499653]",0.0104518855891135,3.3035596530584654
FETUSDT,2024-07-07-00:00,2024-07-08-00:00,first,"[0.32061068702290074, 0.1845940319222762, 0.10825815405968078, 0.08396946564885496, 0.062456627342123525, 0.06731436502428868, 0.0527411519777932, 0.06037473976405274, 0.05968077723802915]",0.0114658985807145,2.846488172390552
FETUSDT,2024-07-07-00:00,2024-07-08-00:00,second,"[0.1179736294240111, 0.11450381679389313, 0.12560721721027066, 0.09993060374739764, 0.10478834142956281, 0.09299097848716169, 0.08952116585704371, 0.08882720333102012, 0.08952116585704371, 0.07633587786259542]",0.0047661366062529,3.3063992434849054
FETUSDT,2024-07-08-00:00,2024-07-09-00:00,first,"[0.31714087439278277, 0.20263705759888967, 0.12907702984038863, 0.09784871616932686, 0.05759888965995836, 0.05759888965995836, 0.04510756419153366, 0.047883414295628035, 0.04510756419153366]",0.0106074830367486,2.7890956945510084
FETUSDT,2024-07-08-00:00,2024-07-09-00:00,second,"[0.11034004163775156, 0.11519777931991672, 0.10825815405968078, 0.11727966689798751, 0.09715475364330327, 0.10062456627342123, 0.09299097848716169, 0.08188757807078417, 0.08813324080499653, 0.08813324080499653]",0.0043808378047853,3.312010422687841
FETUSDT,2024-07-09-00:00,2024-07-10-00:00,first,"[0.31714087439278277, 0.1589174184594032, 0.11589174184594032, 0.08327550312283137, 0.0777238029146426, 0.0798056904927134, 0.05898681471200555, 0.056210964607911175, 0.0520471894517696]",0.0091806196392988,2.8798769957656343
FETUSDT,2024-07-09-00:00,2024-07-10-00:00,second,"[0.1179736294240111, 0.11866759195003469, 0.09715475364330327, 0.12352532963219987, 0.10478834142956281, 0.09715475364330327, 0.08674531575294935, 0.09090909090909091, 0.0777238029146426, 0.08535739070090215]",0.005969611045876,3.305913166673749
FETUSDT,2024-07-10-00:00,2024-07-11-00:00,first,"[0.32685634975711314, 0.15058986814712005, 0.11450381679389313, 0.0916030534351145, 0.07009021512838307, 0.06384455239417071, 0.06384455239417071, 0.06870229007633588, 0.04996530187369882]",0.0118747863225764,2.869538046768712
FETUSDT,2024-07-10-00:00,2024-07-11-00:00,second,"[0.12699514226231784, 0.11242192921582235, 0.10895211658570438, 0.11380985426786953, 0.09646079111727966, 0.09923664122137404, 0.08952116585704371, 0.0936849410131853, 0.08882720333102012, 0.07009021512838307]",0.0048152584394671,3.30478040172651
FETUSDT,2024-07-11-00:00,2024-07-12-00:00,first,"[0.2726008344923505, 0.14951321279554938, 0.15159944367176634, 0.08692628650904033, 0.09248956884561892, 0.08762169680111266, 0.057719054242002785, 0.050764951321279554, 0.050764951321279554]",0.0145891995094587,2.9395368111903744
FETUSDT,2024-07-11-00:00,2024-07-12-00:00,second,"[0.12100139082058414, 0.12030598052851182, 0.10639777468706536, 0.10292072322670376, 0.09666203059805285, 0.10013908205841446, 0.09388038942976357, 0.08762169680111266, 0.07649513212795549, 0.09457579972183588]",0.0042567893823243,3.3097393443886975
FETUSDT,2024-07-12-00:00,2024-07-13-00:00,first,"[0.33171408743927827, 0.15336571825121442, 0.10201249132546843, 0.08258154059680778, 0.07286606523247745, 0.07564191533657183, 0.0659264399722415, 0.05759888965995836, 0.05829285218598196]",0.0147323198474876,2.8679253778241764
FETUSDT,2024-07-12-00:00,2024-07-13-00:00,second,"[0.12907702984038863, 0.12005551700208189, 0.10687022900763359, 0.0936849410131853, 0.11103400416377515, 0.08188757807078417, 0.0916030534351145, 0.0922970159611381, 0.0798056904927134, 0.0936849410131853]",0.0073843184762513,3.3052044610767335
FETUSDT,2024-07-13-00:00,2024-07-14-00:00,first,"[0.3111111111111111, 0.1597222222222222, 0.1111111111111111, 0.10416666666666667, 0.0763888888888889, 0.07083333333333333, 0.058333333333333334, 0.05277777777777778, 0.05555555555555555]",0.007330893219863,2.8876326997669697
FETUSDT,2024-07-13-00:00,2024-07-14-00:00,second,"[0.12013888888888889, 0.11875, 0.11458333333333333, 0.1111111111111111, 0.08958333333333333, 0.08819444444444445, 0.09791666666666667, 0.09236111111111112, 0.08680555555555555, 0.08055555555555556]",0.0048827909635133,3.307905505526694
FETUSDT,2024-07-14-00:00,2024-07-15-00:00,first,"[0.33194444444444443, 0.1638888888888889, 0.1125, 0.08958333333333333, 0.07083333333333333, 0.059027777777777776, 0.06458333333333334, 0.05555555555555555, 0.052083333333333336]",0.0107188246704316,2.842641191090004
FETUSDT,2024-07-14-00:00,2024-07-15-00:00,second,"[0.12013888888888889, 0.09583333333333334, 0.11527777777777778, 0.10347222222222222, 0.09722222222222222, 0.10486111111111111, 0.10625, 0.0875, 0.08958333333333333, 0.0798611111111111]",0.0059976636689004,3.31173105905152
FETUSDT,2024-07-15-00:00,2024-07-16-00:00,first,"[0.32061068702290074, 0.19222761970853575, 0.12838306731436502, 0.0922970159611381, 0.07564191533657183, 0.062456627342123525, 0.048577376821651634, 0.040249826509368494, 0.0395558639833449]",0.0087025294928531,2.7954506777539896
FETUSDT,2024-07-15-00:00,2024-07-16-00:00,second,"[0.11172796668979876, 0.11727966689798751, 0.1040943789035392, 0.09993060374739764, 0.10687022900763359, 0.11727966689798751, 0.09021512838306732, 0.08535739070090215, 0.08535739070090215, 0.08188757807078417]",0.00611080426523,3.3099467355663017
FETUSDT,2024-07-16-00:00,2024-07-17-00:00,first,"[0.26925746009715473, 0.20194309507286606, 0.16030534351145037, 0.1054823039555864, 0.08119361554476058, 0.06384455239417071, 0.040249826509368494, 0.04718945176960444, 0.030534351145038167]",0.0159562451922224,2.837108851641495
FETUSDT,2024-07-16-00:00,2024-07-17-00:00,second,"[0.11034004163775156, 0.11380985426786953, 0.09993060374739764, 0.10131852879944483, 0.09784871616932686, 0.1054823039555864, 0.08605135322692574, 0.0922970159611381, 0.08674531575294935, 0.10617626648161]",0.0063858018537432,3.316096459794611
FETUSDT,2024-07-17-00:00,2024-07-18-00:00,first,"[0.3004857737682165, 0.1839000693962526, 0.1297709923664122, 0.09576682859125607, 0.06662040249826509, 0.07356002775850104, 0.0520471894517696, 0.05968077723802915, 0.03816793893129771]",0.0061739020038265,2.858658173399034
FETUSDT,2024-07-17-00:00,2024-07-18-00:00,second,"[0.12491325468424705, 0.11311589174184594, 0.11172796668979876, 0.11380985426786953, 0.09646079111727966, 0.09507286606523248, 0.09437890353920889, 0.09507286606523248, 0.07702984038861901, 0.0784177654406662]",0.0046691584720737,3.3058724392029206
FETUSDT,2024-07-18-00:00,2024-07-19-00:00,first,"[0.32061068702290074, 0.18875780707841777, 0.1325468424705066, 0.08813324080499653, 0.07564191533657183, 0.0527411519777932, 0.05412907702984039, 0.0388619014573213, 0.048577376821651634]",0.0094833847788531,2.8028841457512703
FETUSDT,2024-07-18-00:00,2024-07-19-00:00,second,"[0.11519777931991672, 0.11380985426786953, 0.09507286606523248, 0.12213740458015267, 0.10756419153365718, 0.09507286606523248, 0.10270645385149202, 0.08466342817487855, 0.08605135322692574, 0.0777238029146426]",0.0068791103367453,3.307769082462054
FETUSDT,2024-07-19-00:00,2024-07-20-00:00,first,"[0.3136710617626648, 0.1845940319222762, 0.11727966689798751, 0.08396946564885496, 0.07286606523247745, 0.06384455239417071, 0.0520471894517696, 0.05968077723802915, 0.0520471894517696]",0.0079915094771157,2.8526726999194754
FETUSDT,2024-07-19-00:00,2024-07-20-00:00,second,"[0.12768910478834142, 0.12491325468424705, 0.10270645385149202, 0.09437890353920889, 0.10201249132546843, 0.09646079111727966, 0.08743927827897294, 0.09507286606523248, 0.08119361554476058, 0.08813324080499653]",0.0057188084137947,3.3071426571529705
FETUSDT,2024-07-20-00:00,2024-07-21-00:00,first,"[0.3102012491325468, 0.17765440666204024, 0.12213740458015267, 0.08396946564885496, 0.07147814018043026, 0.062456627342123525, 0.054823039555863984, 0.06662040249826509, 0.05065926439972242]",0.0069120122144123,2.867262956050987
FETUSDT,2024-07-20-00:00,2024-07-21-00:00,second,"[0.11242192921582235, 0.12283136710617627, 0.11658570437196392, 0.08952116585704371, 0.10478834142956281, 0.11103400416377515, 0.08188757807078417, 0.0922970159611381, 0.08188757807078417, 0.08674531575294935]",0.0078470733950606,3.3068265176193625
FETUSDT,2024-07-21-00:00,2024-07-22-00:00,first,"[0.37265787647467036, 0.1734906315058987, 0.10340041637751561, 0.06731436502428868, 0.05968077723802915, 0.05829285218598196, 0.056210964607911175, 0.06176266481609993, 0.04718945176960444]",0.0185933298640749,2.7408374842294423
FETUSDT,2024-07-21-00:00,2024-07-22-00:00,second,"[0.12699514226231784, 0.11519777931991672, 0.11380985426786953, 0.11450381679389313, 0.08882720333102012, 0.09784871616932686, 0.08466342817487855, 0.0916030534351145, 0.0798056904927134, 0.08674531575294935]",0.0055913339261729,3.3049625860421483
FETUSDT,2024-07-22-00:00,2024-07-23-00:00,first,"[0.32130464954892435, 0.18945176960444135, 0.12699514226231784, 0.08396946564885496, 0.07286606523247745, 0.061068702290076333, 0.04718945176960444, 0.05968077723802915, 0.03747397640527411]",0.0098266277507486,2.8089696707937133
FETUSDT,2024-07-22-00:00,2024-07-23-00:00,second,"[0.12352532963219987, 0.12005551700208189, 0.10825815405968078, 0.1040943789035392, 0.09507286606523248, 0.09507286606523248, 0.09299097848716169, 0.0784177654406662, 0.08674531575294935, 0.09576682859125607]",0.0041561902326816,3.3090842111298793
FETUSDT,2024-07-23-00:00,2024-07-24-00:00,first,"[0.3143650242886884, 0.18598195697432338, 0.12005551700208189, 0.08882720333102012, 0.07425399028452463, 0.062456627342123525, 0.06037473976405274, 0.047883414295628035, 0.04580152671755725]",0.0057005678859105,2.8402203551410454
FETUSDT,2024-07-23-00:00,2024-07-24-00:00,second,"[0.1054823039555864, 0.11727966689798751, 0.11519777931991672, 0.11658570437196392, 0.1054823039555864, 0.10201249132546843, 0.09090909090909091, 0.08535739070090215, 0.08882720333102012, 0.07286606523247745]",0.0067576989818311,3.306914458583505
FETUSDT,2024-07-24-00:00,2024-07-25-00:00,first,"[0.3296321998612075, 0.1839000693962526, 0.10964607911172797, 0.08882720333102012, 0.06315058986814712, 0.05759888965995836, 0.05690492713393477, 0.062456627342123525, 0.047883414295628035]",0.0110757873705539,2.8209487919505962
FETUSDT,2024-07-24-00:00,2024-07-25-00:00,second,"[0.1179736294240111, 0.11727966689798751, 0.10895211658570438, 0.10478834142956281, 0.11103400416377515, 0.09021512838306732, 0.0791117279666898, 0.0922970159611381, 0.08396946564885496, 0.09437890353920889]",0.0052062684676955,3.3093741263360537
FETUSDT,2024-07-25-00:00,2024-07-26-00:00,first,"[0.3573907009021513, 0.20333102012491325, 0.09854267869535045, 0.06662040249826509, 0.07286606523247745, 0.05412907702984039, 0.0527411519777932, 0.046495489243580844, 0.047883414295628035]",0.0190503088983011,2.730300285353624
FETUSDT,2024-07-25-00:00,2024-07-26-00:00,second,"[0.11450381679389313, 0.11242192921582235, 0.10201249132546843, 0.11172796668979876, 0.10895211658570438, 0.10756419153365718, 0.09437890353920889, 0.08049965301873699, 0.09090909090909091, 0.07702984038861901]",0.0062544963189402,3.309535831493365
FETUSDT,2024-07-26-00:00,2024-07-27-00:00,first,"[0.3423611111111111, 0.16527777777777777, 0.09722222222222222, 0.09444444444444444, 0.06944444444444445, 0.06875, 0.05486111111111111, 0.05555555555555555, 0.052083333333333336]",0.0119696003771887,2.8233313875564336
FETUSDT,2024-07-26-00:00,2024-07-27-00:00,second,"[0.12152777777777778, 0.11944444444444445, 0.11319444444444444, 0.1, 0.09652777777777778, 0.09513888888888888, 0.09097222222222222, 0.08611111111111111, 0.09166666666666666, 0.08541666666666667]",0.0032583446707001,3.3105734853558157
FETUSDT,2024-07-27-00:00,2024-07-28-00:00,first,"[0.29812369701181374, 0.15705350938151494, 0.12300208478109799, 0.10979847116052814, 0.08200138985406533, 0.06462821403752605, 0.05350938151494093, 0.05142460041695622, 0.06045865184155664]",0.0068181869354152,2.9039644636364454
FETUSDT,2024-07-27-00:00,2024-07-28-00:00,second,"[0.13273106323835998, 0.11466296038915914, 0.10771369006254343, 0.11188325225851285, 0.09728978457261987, 0.09937456567060458, 0.08408617095205004, 0.07505211952744961, 0.08547602501737317, 0.0917303683113273]",0.0061617379545104,3.3030330830732546
FETUSDT,2024-07-28-00:00,2024-07-29-00:00,first,"[0.28036086051353226, 0.18945176960444135, 0.12491325468424705, 0.10062456627342123, 0.08813324080499653, 0.06731436502428868, 0.062456627342123525, 0.04371963913948647, 0.04302567661346287]",0.0068576254065797,2.8907653766627974
FETUSDT,2024-07-28-00:00,2024-07-29-00:00,second,"[0.10756419153365718, 0.11589174184594032, 0.11242192921582235, 0.10131852879944483, 0.09507286606523248, 0.09437890353920889, 0.08813324080499653, 0.09993060374739764, 0.09576682859125607, 0.08952116585704371]",0.0055802543876476,3.3162896139895643
FETUSDT,2024-07-29-00:00,2024-07-30-00:00,first,"[0.32430555555555557, 0.16666666666666666, 0.11875, 0.09722222222222222, 0.06944444444444445, 0.06180555555555556, 0.05555555555555555, 0.05, 0.05625]",0.0075733952322366,2.8463892705864717
FETUSDT,2024-07-29-00:00,2024-07-30-00:00,second,"[0.12361111111111112, 0.10833333333333334, 0.10208333333333333, 0.1125, 0.1, 0.10069444444444445, 0.09305555555555556, 0.08263888888888889, 0.08888888888888889, 0.08819444444444445]",0.0041270837244345,3.3119440193521092
FETUSDT,2024-07-30-00:00,2024-07-31-00:00,first,"[0.27936066712995133, 0.1695621959694232, 0.11952744961779013, 0.08339124391938846, 0.09312022237665045, 0.08269631688672689, 0.06323835997220292, 0.05281445448227936, 0.056289089645587216]",0.010472988377659,2.939158021723278
FETUSDT,2024-07-30-00:00,2024-07-31-00:00,second,"[0.10771369006254343, 0.11049339819318972, 0.11257817929117443, 0.11535788742182071, 0.09103544127866574, 0.08964558721334259, 0.10076441973592773, 0.09103544127866574, 0.09034051424600417, 0.09103544127866574]",0.0063333386653195,3.3147298843300823
FETUSDT,2024-07-31-00:00,2024-08-01-00:00,first,"[0.29791666666666666, 0.16458333333333333, 0.11597222222222223, 0.10138888888888889, 0.07361111111111111, 0.06944444444444445, 0.06805555555555555, 0.05763888888888889, 0.05138888888888889]",0.0064795342316119,2.909649316844508
FETUSDT,2024-07-31-00:00,2024-08-01-00:00,second,"[0.12430555555555556, 0.11805555555555555, 0.10138888888888889, 0.10555555555555556, 0.10833333333333334, 0.09097222222222222, 0.09930555555555555, 0.09791666666666667, 0.07569444444444444, 0.07847222222222222]",0.0063076725333213,3.3061234669833715
FETUSDT,2024-08-01-00:00,2024-08-02-00:00,first,"[0.3025676613462873, 0.16446911866759195, 0.1040943789035392, 0.09646079111727966, 0.0784177654406662, 0.07564191533657183, 0.07147814018043026, 0.055517002081887576, 0.05135322692574601]",0.0074842667979078,2.9086826608578975
FETUSDT,2024-08-01-00:00,2024-08-02-00:00,second,"[0.14295628036086053, 0.12213740458015267, 0.10270645385149202, 0.09923664122137404, 0.08882720333102012, 0.09646079111727966, 0.08813324080499653, 0.08813324080499653, 0.08674531575294935, 0.08466342817487855]",0.0063048625873151,3.3005773938968628
FETUSDT,2024-08-02-00:00,2024-08-03-00:00,first,"[0.32061068702290074, 0.19500346981263011, 0.1179736294240111, 0.0791117279666898, 0.07286606523247745, 0.05759888965995836, 0.05968077723802915, 0.046495489243580844, 0.05065926439972242]",0.010018556936724,2.8183953811084614
FETUSDT,2024-08-02-00:00,2024-08-03-00:00,second,"[0.10756419153365718, 0.12213740458015267, 0.10964607911172797, 0.09923664122137404, 0.10270645385149202, 0.08535739070090215, 0.10270645385149202, 0.08466342817487855, 0.09715475364330327, 0.08882720333102012]",0.0068432804537908,3.3130522155898583
FETUSDT,2024-08-03-00:00,2024-08-04-00:00,first,"[0.29424011103400416, 0.157529493407356, 0.12421929215822346, 0.08882720333102012, 0.09437890353920889, 0.0791117279666898, 0.0520471894517696, 0.056210964607911175, 0.05343511450381679]",0.0089108137625182,2.915516641577027
FETUSDT,2024-08-03-00:00,2024-08-04-00:00,second,"[0.11727966689798751, 0.10617626648161, 0.09993060374739764, 0.11450381679389313, 0.10340041637751561, 0.09507286606523248, 0.09715475364330327, 0.0798056904927134, 0.09646079111727966, 0.09021512838306732]",0.006231000479386,3.3138820746025504
FETUSDT,2024-08-04-00:00,2024-08-05-00:00,first,"[0.2678695350451076, 0.17557251908396945, 0.13324080499653018, 0.1040943789035392, 0.08535739070090215, 0.08605135322692574, 0.054823039555863984, 0.046495489243580844, 0.046495489243580844]",0.009223364714713,2.92580003879514
FETUSDT,2024-08-04-00:00,2024-08-05-00:00,second,"[0.10825815405968078, 0.11380985426786953, 0.10687022900763359, 0.11103400416377515, 0.1179736294240111, 0.08743927827897294, 0.09299097848716169, 0.08674531575294935, 0.0916030534351145, 0.08327550312283137]",0.0056805741891,3.3112067997821675
FETUSDT,2024-08-05-00:00,2024-08-06-00:00,first,"[0.2727272727272727, 0.15128383067314366, 0.13671061762664816, 0.10964607911172797, 0.09299097848716169, 0.07494795281054822, 0.05829285218598196, 0.048577376821651634, 0.054823039555863984]",0.0123745104322168,2.945027966882283
FETUSDT,2024-08-05-00:00,2024-08-06-00:00,second,"[0.11103400416377515, 0.1179736294240111, 0.10756419153365718, 0.09784871616932686, 0.09507286606523248, 0.0916030534351145, 0.09507286606523248, 0.1040943789035392, 0.10340041637751561, 0.07633587786259542]",0.0070708817462481,3.312958524457481
FETUSDT,2024-08-06-00:00,2024-08-07-00:00,first,"[0.2546842470506593, 0.21374045801526717, 0.14989590562109645, 0.09923664122137404, 0.07217210270645386, 0.06731436502428868, 0.06384455239417071, 0.04233171408743928, 0.03678001387925052]",0.015811817110191,2.8770643363625594
FETUSDT,2024-08-06-00:00,2024-08-07-00:00,second,"[0.11172796668979876, 0.09923664122137404, 0.11658570437196392, 0.10964607911172797, 0.10478834142956281, 0.10062456627342123, 0.09021512838306732, 0.08049965301873699, 0.09437890353920889, 0.0922970159611381]",0.0071233415488199,3.313942087957516
FETUSDT,2024-08-07-00:00,2024-08-08-00:00,first,"[0.33518390006939625, 0.20333102012491325, 0.1193615544760583, 0.0777238029146426, 0.062456627342123525, 0.05898681471200555, 0.049271339347675226, 0.04996530187369882, 0.04371963913948647]",0.0136430367721437,2.766501340221133
FETUSDT,2024-08-07-00:00,2024-08-08-00:00,second,"[0.12630117973629423, 0.10895211658570438, 0.1054823039555864, 0.10131852879944483, 0.10131852879944483, 0.11519777931991672, 0.0916030534351145, 0.09715475364330327, 0.07564191533657183, 0.07702984038861901]",0.0065911091125146,3.3055428369510937
FETUSDT,2024-08-08-00:00,2024-08-09-00:00,first,"[0.30950728660652327, 0.19777931991672448, 0.12699514226231784, 0.08674531575294935, 0.06453851492019431, 0.062456627342123525, 0.054823039555863984, 0.0520471894517696, 0.04510756419153366]",0.0073592054359981,2.8284249468397054
FETUSDT,2024-08-08-00:00,2024-08-09-00:00,second,"[0.13671061762664816, 0.10201249132546843, 0.11519777931991672, 0.10617626648161, 0.08952116585704371, 0.09437890353920889, 0.09646079111727966, 0.08466342817487855, 0.08396946564885496, 0.09090909090909091]",0.0068504259560937,3.305817964920109
FETUSDT,2024-08-09-00:00,2024-08-10-00:00,first,"[0.29493407356002777, 0.1970853573907009, 0.13532269257460097, 0.09784871616932686, 0.07009021512838307, 0.06870229007633588, 0.04441360166551006, 0.04580152671755725, 0.04580152671755725]",0.0075813986811546,2.8411609276726564
FETUSDT,2024-08-09-00:00,2024-08-10-00:00,second,"[0.11103400416377515, 0.1179736294240111, 0.10062456627342123, 0.09715475364330327, 0.09299097848716169, 0.09784871616932686, 0.11380985426786953, 0.0922970159611381, 0.0916030534351145, 0.08466342817487855]",0.006333630283216,3.3143499993722276
FETUSDT,2024-08-10-00:00,2024-08-11-00:00,first,"[0.31202223766504517, 0.17651146629603892, 0.09867963863794302, 0.07505211952744961, 0.07366226546212648, 0.07157748436414177, 0.06532314107018763, 0.06532314107018763, 0.06184850590687978]",0.0119191048969915,2.888115214754752
FETUSDT,2024-08-10-00:00,2024-08-11-00:00,second,"[0.12439193884642112, 0.10493398193189715, 0.103544127866574, 0.1014593467685893, 0.10423905489923559, 0.09312022237665045, 0.10006949270326616, 0.09728978457261987, 0.07505211952744961, 0.09589993050729674]",0.0066357307108094,3.3120986614112584
FETUSDT,2024-08-11-00:00,2024-08-12-00:00,first,"[0.2970159611380985, 0.18945176960444135, 0.1339347675225538, 0.09437890353920889, 0.05898681471200555, 0.07078417765440666, 0.054823039555863984, 0.05412907702984039, 0.046495489243580844]",0.0066463295004827,2.859278376840736
FETUSDT,2024-08-11-00:00,2024-08-12-00:00,second,"[0.1297709923664122, 0.1054823039555864, 0.11172796668979876, 0.10756419153365718, 0.0936849410131853, 0.09784871616932686, 0.1054823039555864, 0.0798056904927134, 0.08188757807078417, 0.08674531575294935]",0.0062519669982662,3.3069634016903957
FETUSDT,2024-08-12-00:00,2024-08-13-00:00,first,"[0.3053435114503817, 0.18181818181818182, 0.12352532963219987, 0.10201249132546843, 0.07564191533657183, 0.055517002081887576, 0.06870229007633588, 0.05065926439972242, 0.03678001387925052]",0.0057451688811027,2.8503722419469386
FETUSDT,2024-08-12-00:00,2024-08-13-00:00,second,"[0.12907702984038863, 0.10201249132546843, 0.09646079111727966, 0.10201249132546843, 0.0936849410131853, 0.11519777931991672, 0.09021512838306732, 0.09507286606523248, 0.08535739070090215, 0.09090909090909091]",0.0077101840816259,3.3111803821598773
FETUSDT,2024-08-13-00:00,2024-08-14-00:00,first,"[0.325, 0.18819444444444444, 0.12708333333333333, 0.07430555555555556, 0.06527777777777778, 0.06180555555555556, 0.05486111111111111, 0.04583333333333333, 0.05763888888888889]",0.0111331521728953,2.8134977434671846
FETUSDT,2024-08-13-00:00,2024-08-14-00:00,second,"[0.12013888888888889, 0.12083333333333333, 0.10069444444444445, 0.09444444444444444, 0.09861111111111111, 0.09930555555555555, 0.09722222222222222, 0.10277777777777777, 0.08263888888888889, 0.08333333333333333]",0.0052608889836757,3.311450864356018
FETUSDT,2024-08-14-00:00,2024-08-15-00:00,first,"[0.2970159611380985, 0.1693268563497571, 0.11658570437196392, 0.09299097848716169, 0.08605135322692574, 0.07217210270645386, 0.05690492713393477, 0.05898681471200555, 0.04996530187369882]",0.0053638941850643,2.904560916967191
FETUSDT,2024-08-14-00:00,2024-08-15-00:00,second,"[0.11172796668979876, 0.12560721721027066, 0.10617626648161, 0.11311589174184594, 0.1040943789035392, 0.09715475364330327, 0.0936849410131853, 0.09784871616932686, 0.07494795281054822, 0.07564191533657183]",0.0065148143840827,3.304997600132233
FETUSDT,2024-08-15-00:00,2024-08-16-00:00,first,"[0.310632383599722, 0.15427380125086865, 0.13898540653231412, 0.0847810979847116, 0.07644197359277276, 0.07157748436414177, 0.054204308547602505, 0.061153578874218205, 0.04794996525364837]",0.0089940630473541,2.8779483418182004
FETUSDT,2024-08-15-00:00,2024-08-16-00:00,second,"[0.11952744961779013, 0.10910354412786658, 0.11674774148714386, 0.10771369006254343, 0.09798471160528145, 0.10562890896455872, 0.08895066018068103, 0.09381514940931203, 0.08269631688672689, 0.0778318276580959]",0.0047450411230328,3.30883524180861
FETUSDT,2024-08-16-00:00,2024-08-17-00:00,first,"[0.2925642807505212, 0.1841556636553162, 0.12300208478109799, 0.09798471160528145, 0.07435719249478805, 0.07227241139680333, 0.056289089645587216, 0.06462821403752605, 0.03474635163307853]",0.0062089814562655,2.878731564610134
FETUSDT,2024-08-16-00:00,2024-08-17-00:00,second,"[0.11883252258512857, 0.11257817929117443, 0.113273106323836, 0.10423905489923559, 0.09312022237665045, 0.09798471160528145, 0.09589993050729674, 0.09728978457261987, 0.07713690062543432, 0.08964558721334259]",0.0039740616608428,3.311621453558532
FETUSDT,2024-08-17-00:00,2024-08-18-00:00,first,"[0.31549687282835304, 0.16608756080611536, 0.1292564280750521, 0.0965948575399583, 0.07922168172341904, 0.06462821403752605, 0.05559416261292564, 0.048644892286309936, 0.04447533009034051]",0.0041833342904262,2.8513291129202147
FETUSDT,2024-08-17-00:00,2024-08-18-00:00,second,"[0.11883252258512857, 0.11396803335649756, 0.11466296038915914, 0.10006949270326616, 0.10076441973592773, 0.09034051424600417, 0.103544127866574, 0.08408617095205004, 0.08617095205003475, 0.08756080611535788]",0.0038216909884287,3.311355058661756
FETUSDT,2024-08-18-00:00,2024-08-19-00:00,first,"[0.30919220055710306, 0.17827298050139276, 0.12604456824512536, 0.09192200557103064, 0.08147632311977716, 0.06963788300835655, 0.04944289693593315, 0.04735376044568245, 0.04665738161559889]",0.0038524043289951,2.8518521789511295
FETUSDT,2024-08-18-00:00,2024-08-19-00:00,second,"[0.12256267409470752, 0.13370473537604458, 0.0988857938718663, 0.10445682451253482, 0.10863509749303621, 0.08983286908077995, 0.08913649025069638, 0.09401114206128133, 0.08565459610027855, 0.07311977715877438]",0.006962269953005,3.301192477577706
FETUSDT,2024-08-19-00:00,2024-08-20-00:00,first,"[0.29207232267037553, 0.17593880389429764, 0.1133518776077886, 0.10083449235048679, 0.0799721835883171, 0.08623087621696801, 0.055632823365785816, 0.0458970792767733, 0.05006954102920723]",0.0062914564306687,2.8979977817686917
FETUSDT,2024-08-19-00:00,2024-08-20-00:00,second,"[0.11543810848400557, 0.13421418636995827, 0.10292072322670376, 0.1133518776077886, 0.1043115438108484, 0.0799721835883171, 0.08414464534075104, 0.08136300417246176, 0.10222531293463143, 0.08205841446453407]",0.0096010002476539,3.301033260231237
FETUSDT,2024-08-20-00:00,2024-08-21-00:00,first,"[0.29305555555555557, 0.19027777777777777, 0.1361111111111111, 0.09583333333333334, 0.075, 0.06875, 0.04861111111111111, 0.04583333333333333, 0.04652777777777778]",0.0062071979580882,2.85791829959801
FETUSDT,2024-08-20-00:00,2024-08-21-00:00,second,"[0.12083333333333333, 0.12083333333333333, 0.11458333333333333, 0.09513888888888888, 0.0875, 0.09652777777777778, 0.09097222222222222, 0.08888888888888889, 0.09722222222222222, 0.0875]",0.0052027891151446,3.310392483360399
FETUSDT,2024-08-21-00:00,2024-08-22-00:00,first,"[0.29583333333333334, 0.19652777777777777, 0.12291666666666666, 0.09305555555555556, 0.075, 0.06388888888888888, 0.05763888888888889, 0.050694444444444445, 0.044444444444444446]",0.0045414486049103,2.8604449500695375
FETUSDT,2024-08-21-00:00,2024-08-22-00:00,second,"[0.12013888888888889, 0.11388888888888889, 0.10833333333333334, 0.10972222222222222, 0.09861111111111111, 0.09027777777777778, 0.08958333333333333, 0.09583333333333334, 0.08125, 0.09236111111111112]",0.0037394770800839,3.311900908653091
FETUSDT,2024-08-22-00:00,2024-08-23-00:00,first,"[0.32338653712699517, 0.183206106870229, 0.11242192921582235, 0.08882720333102012, 0.06870229007633588, 0.07564191533657183, 0.06384455239417071, 0.04580152671755725, 0.03816793893129771]",0.0097820267555565,2.8241541453280017
FETUSDT,2024-08-22-00:00,2024-08-23-00:00,second,"[0.12005551700208189, 0.10756419153365718, 0.12213740458015267, 0.11103400416377515, 0.0922970159611381, 0.09299097848716169, 0.10201249132546843, 0.09576682859125607, 0.07702984038861901, 0.0791117279666898]",0.0068898385553492,3.3061615083012037
FETUSDT,2024-08-23-00:00,2024-08-24-00:00,first,"[0.29840388619014574, 0.19292158223455932, 0.12768910478834142, 0.08743927827897294, 0.07702984038861901, 0.06662040249826509, 0.054823039555863984, 0.05135322692574601, 0.04371963913948647]",0.0043958657416187,2.857417674724918
FETUSDT,2024-08-23-00:00,2024-08-24-00:00,second,"[0.1297709923664122, 0.11034004163775156, 0.11589174184594032, 0.12074947952810548, 0.09646079111727966, 0.08605135322692574, 0.09299097848716169, 0.08049965301873699, 0.08743927827897294, 0.0798056904927134]",0.0067163771814218,3.301479211581883
FETUSDT,2024-08-24-00:00,2024-08-25-00:00,first,"[0.2678695350451076, 0.16863289382373353, 0.15128383067314366, 0.10270645385149202, 0.08188757807078417, 0.0791117279666898, 0.05898681471200555, 0.04580152671755725, 0.04371963913948647]",0.0106683717781853,2.918753750122372
FETUSDT,2024-08-24-00:00,2024-08-25-00:00,second,"[0.12491325468424705, 0.11034004163775156, 0.11311589174184594, 0.08258154059680778, 0.10062456627342123, 0.09021512838306732, 0.09646079111727966, 0.08535739070090215, 0.09993060374739764, 0.09646079111727966]",0.0073509574783825,3.3109901604035588
FETUSDT,2024-08-25-00:00,2024-08-26-00:00,first,"[0.31158917418459403, 0.18598195697432338, 0.12213740458015267, 0.09715475364330327, 0.07078417765440666, 0.05898681471200555, 0.05759888965995836, 0.05065926439972242, 0.04510756419153366]",0.0045988037943337,2.8409162841625335
FETUSDT,2024-08-25-00:00,2024-08-26-00:00,second,"[0.10687022900763359, 0.11311589174184594, 0.1193615544760583, 0.09299097848716169, 0.10270645385149202, 0.09715475364330327, 0.09854267869535045, 0.08535739070090215, 0.08605135322692574, 0.09784871616932686]",0.0062870263838784,3.3142352693595103
FETUSDT,2024-08-26-00:00,2024-08-27-00:00,first,"[0.260235947258848, 0.18043025676613464, 0.13809854267869534, 0.10756419153365718, 0.08882720333102012, 0.07009021512838307, 0.04580152671755725, 0.05065926439972242, 0.05829285218598196]",0.0118839392695381,2.931401125269089
FETUSDT,2024-08-26-00:00,2024-08-27-00:00,second,"[0.12005551700208189, 0.11172796668979876, 0.10270645385149202, 0.09923664122137404, 0.09646079111727966, 0.10201249132546843, 0.08327550312283137, 0.08952116585704371, 0.09854267869535045, 0.09646079111727966]",0.0056295136208846,3.315001926676921
FETUSDT,2024-08-27-00:00,2024-08-28-00:00,first,"[0.28521859819569745, 0.17626648160999306, 0.12352532963219987, 0.11242192921582235, 0.08049965301873699, 0.07633587786259542, 0.054823039555863984, 0.0527411519777932, 0.03816793893129771]",0.0062185029990186,2.8940591629875856
FETUSDT,2024-08-27-00:00,2024-08-28-00:00,second,"[0.10756419153365718, 0.12074947952810548, 0.11519777931991672, 0.09784871616932686, 0.09993060374739764, 0.11311589174184594, 0.10062456627342123, 0.07078417765440666, 0.0936849410131853, 0.08049965301873699]",0.0086078060598379,3.3057021353001588
FETUSDT,2024-08-28-00:00,2024-08-29-00:00,first,"[0.26717557251908397, 0.19361554476058293, 0.11589174184594032, 0.11242192921582235, 0.0784177654406662, 0.07009021512838307, 0.0652324774462179, 0.05135322692574601, 0.04580152671755725]",0.0097033107809367,2.919544562220038
FETUSDT,2024-08-28-00:00,2024-08-29-00:00,second,"[0.09715475364330327, 0.10895211658570438, 0.12838306731436502, 0.10756419153365718, 0.1040943789035392, 0.10201249132546843, 0.09299097848716169, 0.08674531575294935, 0.08396946564885496, 0.08813324080499653]",0.0070107041035929,3.3107179336646664
FETUSDT,2024-08-29-00:00,2024-08-30-00:00,first,"[0.29909784871616935, 0.19430950728660654, 0.1193615544760583, 0.10478834142956281, 0.07633587786259542, 0.06800832755031229, 0.0520471894517696, 0.04510756419153366, 0.040943789035392086]",0.0060351365715846,2.846557763536141
FETUSDT,2024-08-29-00:00,2024-08-30-00:00,second,"[0.12213740458015267, 0.11242192921582235, 0.11727966689798751, 0.10340041637751561, 0.09854267869535045, 0.09993060374739764, 0.09090909090909091, 0.09299097848716169, 0.0798056904927134, 0.08258154059680778]",0.0033617322076769,3.3089526595776775
FETUSDT,2024-08-30-00:00,2024-08-31-00:00,first,"[0.34004163775156143, 0.1734906315058987, 0.11172796668979876, 0.08535739070090215, 0.07356002775850104, 0.0659264399722415, 0.05690492713393477, 0.061068702290076333, 0.031922276197085354]",0.0108728493178389,2.799770296383986
FETUSDT,2024-08-30-00:00,2024-08-31-00:00,second,"[0.1297709923664122, 0.11172796668979876, 0.09646079111727966, 0.11034004163775156, 0.11450381679389313, 0.0777238029146426, 0.09784871616932686, 0.08396946564885496, 0.09021512838306732, 0.08743927827897294]",0.0079717602228829,3.3050688634444376
FETUSDT,2024-08-31-00:00,2024-09-01-00:00,first,"[0.31158917418459403, 0.1707147814018043, 0.1304649548924358, 0.09854267869535045, 0.07356002775850104, 0.06176266481609993, 0.061068702290076333, 0.06037473976405274, 0.031922276197085354]",0.0066704522491341,2.846857543495677
FETUSDT,2024-08-31-00:00,2024-09-01-00:00,second,"[0.11589174184594032, 0.11034004163775156, 0.12144344205412907, 0.11103400416377515, 0.1040943789035392, 0.07633587786259542, 0.1040943789035392, 0.07633587786259542, 0.10270645385149202, 0.0777238029146426]",0.0097937214021059,3.3025249602207296
FETUSDT,2024-09-01-00:00,2024-09-02-00:00,first,"[0.2963219986120749, 0.17696044413601666, 0.12768910478834142, 0.0916030534351145, 0.08466342817487855, 0.07078417765440666, 0.061068702290076333, 0.048577376821651634, 0.04233171408743928]",0.0035590841608474,2.88056242294498
FETUSDT,2024-09-01-00:00,2024-09-02-00:00,second,"[0.12560721721027066, 0.10825815405968078, 0.11519777931991672, 0.10478834142956281, 0.10201249132546843, 0.09923664122137404, 0.09646079111727966, 0.08813324080499653, 0.0798056904927134, 0.08049965301873699]",0.0040225519875171,3.3080406962201767
FETUSDT,2024-09-02-00:00,2024-09-03-00:00,first,"[0.2768910478834143, 0.19292158223455932, 0.12005551700208189, 0.0936849410131853, 0.09090909090909091, 0.07564191533657183, 0.05412907702984039, 0.04580152671755725, 0.04996530187369882]",0.0092135789020725,2.901861819059052
FETUSDT,2024-09-02-00:00,2024-09-03-00:00,second,"[0.11311589174184594, 0.1179736294240111, 0.09299097848716169, 0.10825815405968078, 0.11311589174184594, 0.10062456627342123, 0.10825815405968078, 0.08396946564885496, 0.09021512838306732, 0.07147814018043026]",0.0084591265742783,3.3068241406570067
FETUSDT,2024-09-03-00:00,2024-09-04-00:00,first,"[0.28313671061762663, 0.1734906315058987, 0.13879250520471895, 0.1054823039555864, 0.07494795281054822, 0.07147814018043026, 0.055517002081887576, 0.049271339347675226, 0.047883414295628035]",0.0064629630730486,2.899264255278632
FETUSDT,2024-09-03-00:00,2024-09-04-00:00,second,"[0.12074947952810548, 0.10825815405968078, 0.1040943789035392, 0.11727966689798751, 0.0922970159611381, 0.09923664122137404, 0.09576682859125607, 0.10131852879944483, 0.08813324080499653, 0.07286606523247745]",0.0061003085163001,3.3088643335584353
FETUSDT,2024-09-04-00:00,2024-09-05-00:00,first,"[0.28591256072172105, 0.20471894517696043, 0.12630117973629423, 0.10756419153365718, 0.0652324774462179, 0.05968077723802915, 0.04718945176960444, 0.05412907702984039, 0.049271339347675226]",0.0104743802542963,2.8571602240540956
FETUSDT,2024-09-04-00:00,2024-09-05-00:00,second,"[0.10825815405968078, 0.11172796668979876, 0.12074947952810548, 0.11172796668979876, 0.10756419153365718, 0.09507286606523248, 0.0936849410131853, 0.0936849410131853, 0.08188757807078417, 0.07564191533657183]",0.006045106644249,3.308257805611735
FETUSDT,2024-09-05-00:00,2024-09-06-00:00,first,"[0.3275503122831367, 0.183206106870229, 0.10895211658570438, 0.08466342817487855, 0.06870229007633588, 0.07425399028452463, 0.055517002081887576, 0.04996530187369882, 0.04718945176960444]",0.0094165169547875,2.825462133428917
FETUSDT,2024-09-05-00:00,2024-09-06-00:00,second,"[0.13601665510062458, 0.10617626648161, 0.10201249132546843, 0.10756419153365718, 0.10062456627342123, 0.08743927827897294, 0.08813324080499653, 0.08674531575294935, 0.09437890353920889, 0.09090909090909091]",0.0065217941248058,3.3084007508378694
FETUSDT,2024-09-06-00:00,2024-09-07-00:00,first,"[0.3331020124913255, 0.17279666897987508, 0.1325468424705066, 0.07494795281054822, 0.08605135322692574, 0.0520471894517696, 0.05829285218598196, 0.04302567661346287, 0.04718945176960444]",0.0107295769524614,2.8011760805473274
FETUSDT,2024-09-06-00:00,2024-09-07-00:00,second,"[0.11589174184594032, 0.10340041637751561, 0.12421929215822346, 0.12144344205412907, 0.09854267869535045, 0.10340041637751561, 0.0916030534351145, 0.08743927827897294, 0.08327550312283137, 0.07078417765440666]",0.0078469711102155,3.3022706881262147
FETUSDT,2024-09-07-00:00,2024-09-08-00:00,first,"[0.2970159611380985, 0.18181818181818182, 0.13879250520471895, 0.09437890353920889, 0.0659264399722415, 0.061068702290076333, 0.05690492713393477, 0.056210964607911175, 0.047883414295628035]",0.0059477905009783,2.8678216928263454
FETUSDT,2024-09-07-00:00,2024-09-08-00:00,second,"[0.11311589174184594, 0.11727966689798751, 0.12005551700208189, 0.10825815405968078, 0.09993060374739764, 0.08882720333102012, 0.09299097848716169, 0.09507286606523248, 0.0916030534351145, 0.07286606523247745]",0.0054612103935216,3.3076248536238078
FETUSDT,2024-09-08-00:00,2024-09-09-00:00,first,"[0.31758165392633775, 0.18693537178596248, 0.09937456567060458, 0.09103544127866574, 0.07713690062543432, 0.07088255733148019, 0.06323835997220292, 0.04794996525364837, 0.04586518415566365]",0.0081523656184465,2.8453099039471272
FETUSDT,2024-09-08-00:00,2024-09-09-00:00,second,"[0.113273106323836, 0.1292564280750521, 0.11466296038915914, 0.09867963863794302, 0.1014593467685893, 0.103544127866574, 0.09312022237665045, 0.09242529534398888, 0.08061153578874218, 0.0729673384294649]",0.0062598257381587,3.303961321699249
FETUSDT,2024-09-09-00:00,2024-09-10-00:00,first,"[0.29493407356002777, 0.19500346981263011, 0.12491325468424705, 0.08674531575294935, 0.06731436502428868, 0.06731436502428868, 0.06800832755031229, 0.048577376821651634, 0.04718945176960444]",0.0068284728738175,2.8679670992943875
FETUSDT,2024-09-09-00:00,2024-09-10-00:00,second,"[0.13671061762664816, 0.1179736294240111, 0.10062456627342123, 0.10062456627342123, 0.10340041637751561, 0.08743927827897294, 0.08882720333102012, 0.09299097848716169, 0.09507286606523248, 0.07633587786259542]",0.0068697781720175,3.303858368290539
FETUSDT,2024-09-10-00:00,2024-09-11-00:00,first,"[0.2997918112421929, 0.17210270645385148, 0.12491325468424705, 0.1054823039555864, 0.0784177654406662, 0.0791117279666898, 0.05898681471200555, 0.041637751561415685, 0.0395558639833449]",0.0048293548928723,2.8687833462145584
FETUSDT,2024-09-10-00:00,2024-09-11-00:00,second,"[0.11450381679389313, 0.10895211658570438, 0.10340041637751561, 0.11589174184594032, 0.10131852879944483, 0.09646079111727966, 0.08535739070090215, 0.09715475364330327, 0.0936849410131853, 0.08327550312283137]",0.005098031990974,3.313877224180626
FETUSDT,2024-09-11-00:00,2024-09-12-00:00,first,"[0.27203331020124916, 0.1693268563497571, 0.1436502428868841, 0.10617626648161, 0.0916030534351145, 0.0798056904927134, 0.0527411519777932, 0.03747397640527411, 0.04718945176960444]",0.0121534287134793,2.906703628953148
FETUSDT,2024-09-11-00:00,2024-09-12-00:00,second,"[0.12838306731436502, 0.10062456627342123, 0.11519777931991672, 0.12213740458015267, 0.09437890353920889, 0.09090909090909091, 0.08952116585704371, 0.08674531575294935, 0.09299097848716169, 0.0791117279666898]",0.0076617696578772,3.304958004622095
FETUSDT,2024-09-12-00:00,2024-09-13-00:00,first,"[0.2873004857737682, 0.15614156835530882, 0.13809854267869534, 0.10687022900763359, 0.07286606523247745, 0.08258154059680778, 0.061068702290076333, 0.0520471894517696, 0.04302567661346287]",0.0094947100784322,2.910475408624711
FETUSDT,2024-09-12-00:00,2024-09-13-00:00,second,"[0.12421929215822346, 0.12283136710617627, 0.10131852879944483, 0.10340041637751561, 0.09090909090909091, 0.10340041637751561, 0.09507286606523248, 0.08674531575294935, 0.1040943789035392, 0.06800832755031229]",0.0076853846884059,3.30375536713059
FETUSDT,2024-09-13-00:00,2024-09-14-00:00,first,"[0.3004857737682165, 0.19777931991672448, 0.12560721721027066, 0.09507286606523248, 0.07564191533657183, 0.06315058986814712, 0.056210964607911175, 0.048577376821651634, 0.03747397640527411]",0.0049681203251142,2.83871214676769
FETUSDT,2024-09-13-00:00,2024-09-14-00:00,second,"[0.131852879944483, 0.11311589174184594, 0.09993060374739764, 0.11519777931991672, 0.0916030534351145, 0.10617626648161, 0.08882720333102012, 0.08952116585704371, 0.08119361554476058, 0.08258154059680778]",0.0065081722231693,3.30489787749909
FETUSDT,2024-09-14-00:00,2024-09-15-00:00,first,"[0.3199167244968772, 0.19986120749479527, 0.11450381679389313, 0.09437890353920889, 0.062456627342123525, 0.0659264399722415, 0.05412907702984039, 0.041637751561415685, 0.04718945176960444]",0.0097974752179865,2.804778956616235
FETUSDT,2024-09-14-00:00,2024-09-15-00:00,second,"[0.12421929215822346, 0.10895211658570438, 0.11103400416377515, 0.10825815405968078, 0.10201249132546843, 0.0936849410131853, 0.09923664122137404, 0.0916030534351145, 0.08119361554476058, 0.0798056904927134]",0.0038996762420137,3.309372790689619
FETUSDT,2024-09-15-00:00,2024-09-16-00:00,first,"[0.30811936155447606, 0.17696044413601666, 0.14018043025676613, 0.0936849410131853, 0.0777238029146426, 0.0527411519777932, 0.05412907702984039, 0.04996530187369882, 0.046495489243580844]",0.0053196096227115,2.84275067332942
FETUSDT,2024-09-15-00:00,2024-09-16-00:00,second,"[0.131852879944483, 0.10756419153365718, 0.11172796668979876, 0.10270645385149202, 0.09576682859125607, 0.08605135322692574, 0.11103400416377515, 0.0916030534351145, 0.07564191533657183, 0.08605135322692574]",0.0070088825494752,3.304744811542384
FETUSDT,2024-09-16-00:00,2024-09-17-00:00,first,"[0.2886884108258154, 0.20680083275503122, 0.14156835530881332, 0.10687022900763359, 0.07286606523247745, 0.05759888965995836, 0.04996530187369882, 0.0388619014573213, 0.03678001387925052]",0.0127332018665423,2.8175559728039787
FETUSDT,2024-09-16-00:00,2024-09-17-00:00,second,"[0.1193615544760583, 0.1193615544760583, 0.10964607911172797, 0.09090909090909091, 0.11172796668979876, 0.0916030534351145, 0.10340041637751561, 0.08674531575294935, 0.08882720333102012, 0.0784177654406662]",0.0057997251887158,3.308116343944894
FETUSDT,2024-09-17-00:00,2024-09-18-00:00,first,"[0.3004857737682165, 0.18667591950034698, 0.1325468424705066, 0.08327550312283137, 0.06800832755031229, 0.0659264399722415, 0.05829285218598196, 0.05412907702984039, 0.05065926439972242]",0.005860444430372,2.8654424883011202
FETUSDT,2024-09-17-00:00,2024-09-18-00:00,second,"[0.10964607911172797, 0.11727966689798751, 0.10687022900763359, 0.09784871616932686, 0.09715475364330327, 0.0922970159611381, 0.11242192921582235, 0.09090909090909091, 0.09507286606523248, 0.08049965301873699]",0.0060993342098151,3.313569164475944
FETUSDT,2024-09-18-00:00,2024-09-19-00:00,first,"[0.3178348369188064, 0.18806384455239417, 0.11242192921582235, 0.0916030534351145, 0.07425399028452463, 0.05829285218598196, 0.0527411519777932, 0.054823039555863984, 0.04996530187369882]",0.0081457233717876,2.8364348764774454
FETUSDT,2024-09-18-00:00,2024-09-19-00:00,second,"[0.11450381679389313, 0.10687022900763359, 0.10756419153365718, 0.1040943789035392, 0.10131852879944483, 0.1040943789035392, 0.09854267869535045, 0.0922970159611381, 0.08813324080499653, 0.08258154059680778]",0.0032207252926132,3.315650947638064
FETUSDT,2024-09-19-00:00,2024-09-20-00:00,first,"[0.2539902845246357, 0.1582234559333796, 0.12907702984038863, 0.12005551700208189, 0.0936849410131853, 0.0777238029146426, 0.06800832755031229, 0.047883414295628035, 0.05135322692574601]",0.0151503605363112,2.9715899120147142
FETUSDT,2024-09-19-00:00,2024-09-20-00:00,second,"[0.1179736294240111, 0.10964607911172797, 0.10895211658570438, 0.11103400416377515, 0.09576682859125607, 0.08327550312283137, 0.09507286606523248, 0.10270645385149202, 0.09021512838306732, 0.08535739070090215]",0.0047785539649025,3.3128215806529804
FETUSDT,2024-09-20-00:00,2024-09-21-00:00,first,"[0.2630117973629424, 0.17904233171408743, 0.1582234559333796, 0.10062456627342123, 0.08327550312283137, 0.07494795281054822, 0.04580152671755725, 0.04580152671755725, 0.049271339347675226]",0.0123465809535538,2.9055793636899487
FETUSDT,2024-09-20-00:00,2024-09-21-00:00,second,"[0.11380985426786953, 0.11103400416377515, 0.1040943789035392, 0.1040943789035392, 0.10201249132546843, 0.10201249132546843, 0.10062456627342123, 0.0791117279666898, 0.08535739070090215, 0.09784871616932686]",0.0054281478366109,3.314410064323324
FETUSDT,2024-09-21-00:00,2024-09-22-00:00,first,"[0.28105482303955587, 0.20957668285912562, 0.131852879944483, 0.10131852879944483, 0.06870229007633588, 0.061068702290076333, 0.05343511450381679, 0.04580152671755725, 0.04718945176960444]",0.0102755653644322,2.8563788057421706
FETUSDT,2024-09-21-00:00,2024-09-22-00:00,second,"[0.11034004163775156, 0.12491325468424705, 0.10270645385149202, 0.11172796668979876, 0.0916030534351145, 0.09993060374739764, 0.08535739070090215, 0.09923664122137404, 0.09090909090909091, 0.08327550312283137]",0.006779722992521,3.3111168986809485
FETUSDT,2024-09-22-00:00,2024-09-23-00:00,first,"[0.2963219986120749, 0.20402498265093685, 0.11727966689798751, 0.10964607911172797, 0.07564191533657183, 0.05759888965995836, 0.054823039555863984, 0.04371963913948647, 0.040943789035392086]",0.009037731044206,2.834895796035382
FETUSDT,2024-09-22-00:00,2024-09-23-00:00,second,"[0.12144344205412907, 0.11242192921582235, 0.11103400416377515, 0.10617626648161, 0.09437890353920889, 0.09021512838306732, 0.09090909090909091, 0.08535739070090215, 0.09923664122137404, 0.08882720333102012]",0.0042639647564012,3.3125086515605164
FETUSDT,2024-09-23-00:00,2024-09-24-00:00,first,"[0.2685634975711312, 0.1714087439278279, 0.12560721721027066, 0.1054823039555864, 0.10617626648161, 0.056210964607911175, 0.06453851492019431, 0.049271339347675226, 0.0527411519777932]",0.0110591158540247,2.933761125698682
FETUSDT,2024-09-23-00:00,2024-09-24-00:00,second,"[0.10895211658570438, 0.10964607911172797, 0.10756419153365718, 0.10201249132546843, 0.09923664122137404, 0.0922970159611381, 0.10270645385149202, 0.09646079111727966, 0.10131852879944483, 0.0798056904927134]",0.0058377990273431,3.3165216936972137
FETUSDT,2024-09-24-00:00,2024-09-25-00:00,first,"[0.2914642609299098, 0.19014573213046496, 0.1325468424705066, 0.09854267869535045, 0.07425399028452463, 0.06731436502428868, 0.04718945176960444, 0.04996530187369882, 0.048577376821651634]",0.0058850458397636,2.8660972967829776
FETUSDT,2024-09-24-00:00,2024-09-25-00:00,second,"[0.12144344205412907, 0.10340041637751561, 0.10478834142956281, 0.11589174184594032, 0.10964607911172797, 0.10131852879944483, 0.08952116585704371, 0.08327550312283137, 0.08674531575294935, 0.08396946564885496]",0.0054611049827,3.3099342835162835
FETUSDT,2024-09-25-00:00,2024-09-26-00:00,first,"[0.2748091603053435, 0.17904233171408743, 0.12560721721027066, 0.10478834142956281, 0.08466342817487855, 0.0784177654406662, 0.054823039555863984, 0.05135322692574601, 0.046495489243580844]",0.0065310539512134,2.918427516420643
FETUSDT,2024-09-25-00:00,2024-09-26-00:00,second,"[0.12144344205412907, 0.12491325468424705, 0.09646079111727966, 0.10617626648161, 0.10895211658570438, 0.08535739070090215, 0.10756419153365718, 0.09021512838306732, 0.09090909090909091, 0.06800832755031229]",0.0081612876767129,3.3020701169692264
FETUSDT,2024-09-26-00:00,2024-09-27-00:00,first,"[0.27133934767522555, 0.1991672449687717, 0.14781401804302569, 0.10062456627342123, 0.08119361554476058, 0.06453851492019431, 0.05759888965995836, 0.04510756419153366, 0.03261623872310895]",0.011484042246737,2.8645123237381305
FETUSDT,2024-09-26-00:00,2024-09-27-00:00,second,"[0.10825815405968078, 0.12144344205412907, 0.11519777931991672, 0.10131852879944483, 0.11034004163775156, 0.0784177654406662, 0.08119361554476058, 0.10270645385149202, 0.08813324080499653, 0.09299097848716169]",0.0089745473137292,3.3081669646562752
FETUSDT,2024-09-27-00:00,2024-09-28-00:00,first,"[0.26995142262317834, 0.1825121443442054, 0.1325468424705066, 0.10825815405968078, 0.08882720333102012, 0.07078417765440666, 0.062456627342123525, 0.04371963913948647, 0.040943789035392086]",0.0096278128608846,2.908290613703929
FETUSDT,2024-09-27-00:00,2024-09-28-00:00,second,"[0.12838306731436502, 0.10895211658570438, 0.08952116585704371, 0.09507286606523248, 0.09993060374739764, 0.09854267869535045, 0.10617626648161, 0.0798056904927134, 0.09437890353920889, 0.09923664122137404]",0.008883782286623,3.311354777271217
FETUSDT,2024-09-28-00:00,2024-09-29-00:00,first,"[0.29770992366412213, 0.19569743233865372, 0.12768910478834142, 0.09576682859125607, 0.08396946564885496, 0.06384455239417071, 0.048577376821651634, 0.046495489243580844, 0.040249826509368494]",0.0060321691253875,2.842063635479861
FETUSDT,2024-09-28-00:00,2024-09-29-00:00,second,"[0.10270645385149202, 0.11866759195003469, 0.09715475364330327, 0.11311589174184594, 0.09576682859125607, 0.09299097848716169, 0.09923664122137404, 0.09646079111727966, 0.10478834142956281, 0.0791117279666898]",0.008550563038016,3.3141110367271365
FETUSDT,2024-09-29-00:00,2024-09-30-00:00,first,"[0.33518390006939625, 0.18181818181818182, 0.11172796668979876, 0.0791117279666898, 0.08466342817487855, 0.07009021512838307, 0.05690492713393477, 0.0395558639833449, 0.040943789035392086]",0.0107792077317642,2.797328669161042
FETUSDT,2024-09-29-00:00,2024-09-30-00:00,second,"[0.11103400416377515, 0.10964607911172797, 0.11727966689798751, 0.10756419153365718, 0.08743927827897294, 0.09784871616932686, 0.08882720333102012, 0.08882720333102012, 0.0922970159611381, 0.09923664122137404]",0.0063661062216279,3.3144493897282916
FETUSDT,2024-09-30-00:00,2024-10-01-00:00,first,"[0.2879944482997918, 0.19014573213046496, 0.15128383067314366, 0.10825815405968078, 0.06453851492019431, 0.06453851492019431, 0.0395558639833449, 0.04233171408743928, 0.05135322692574601]",0.0127429876791828,2.8397511924275887
FETUSDT,2024-09-30-00:00,2024-10-01-00:00,second,"[0.10478834142956281, 0.12491325468424705, 0.09646079111727966, 0.09646079111727966, 0.0916030534351145, 0.08882720333102012, 0.10478834142956281, 0.09784871616932686, 0.09854267869535045, 0.09576682859125607]",0.0103351170945987,3.315634191804693
FETUSDT,2024-10-01-00:00,2024-10-02-00:00,first,"[0.30326162387231087, 0.19986120749479527, 0.1450381679389313, 0.11172796668979876, 0.08466342817487855, 0.05065926439972242, 0.04441360166551006, 0.033310201249132546, 0.027064538514920196]",0.0147558097304602,2.7671009705427827
FETUSDT,2024-10-01-00:00,2024-10-02-00:00,second,"[0.131852879944483, 0.10131852879944483, 0.11450381679389313, 0.1054823039555864, 0.09090909090909091, 0.08188757807078417, 0.09090909090909091, 0.10617626648161, 0.0798056904927134, 0.09715475364330327]",0.0093980703316463,3.3063625154115757
FETUSDT,2024-10-02-00:00,2024-10-03-00:00,first,"[0.2741151977793199, 0.1845940319222762, 0.13740458015267176, 0.09923664122137404, 0.08466342817487855, 0.05829285218598196, 0.05898681471200555, 0.05135322692574601, 0.05135322692574601]",0.0079041634065094,2.9074026568369757
FETUSDT,2024-10-02-00:00,2024-10-03-00:00,second,"[0.10062456627342123, 0.12907702984038863, 0.09993060374739764, 0.10964607911172797, 0.11380985426786953, 0.10201249132546843, 0.08674531575294935, 0.08813324080499653, 0.09507286606523248, 0.07494795281054822]",0.0093686330646815,3.3068230343396894
FETUSDT,2024-10-03-00:00,2024-10-04-00:00,first,"[0.2643997224149896, 0.17904233171408743, 0.14226231783483692, 0.09923664122137404, 0.08674531575294935, 0.07564191533657183, 0.056210964607911175, 0.05412907702984039, 0.04233171408743928]",0.0092971182426673,2.9247556890354187
FETUSDT,2024-10-03-00:00,2024-10-04-00:00,second,"[0.11589174184594032, 0.11242192921582235, 0.09715475364330327, 0.1054823039555864, 0.11311589174184594, 0.10062456627342123, 0.10756419153365718, 0.08535739070090215, 0.0777238029146426, 0.08466342817487855]",0.0064194438841226,3.309960309039852
FETUSDT,2024-10-04-00:00,2024-10-05-00:00,first,"[0.28938237335183903, 0.183206106870229, 0.13740458015267176, 0.12283136710617627, 0.07356002775850104, 0.06384455239417071, 0.047883414295628035, 0.048577376821651634, 0.033310201249132546]",0.0101115656571198,2.847073844562735
FETUSDT,2024-10-04-00:00,2024-10-05-00:00,second,"[0.11589174184594032, 0.11103400416377515, 0.1193615544760583, 0.1040943789035392, 0.09507286606523248, 0.10617626648161, 0.09715475364330327, 0.0922970159611381, 0.08049965301873699, 0.0784177654406662]",0.0051528261403278,3.309165242528999
FETUSDT,2024-10-05-00:00,2024-10-06-00:00,first,"[0.29493407356002777, 0.21165857043719638, 0.13532269257460097, 0.09854267869535045, 0.07286606523247745, 0.05690492713393477, 0.04996530187369882, 0.04580152671755725, 0.034004163775156145]",0.0105742073411356,2.80987926603832
FETUSDT,2024-10-05-00:00,2024-10-06-00:00,second,"[0.10201249132546843, 0.11172796668979876, 0.0916030534351145, 0.11311589174184594, 0.10617626648161, 0.10687022900763359, 0.09923664122137404, 0.09090909090909091, 0.0922970159611381, 0.08605135322692574]",0.0074094719119127,3.3160950414573866
FETUSDT,2024-10-06-00:00,2024-10-07-00:00,first,"[0.3192227619708536, 0.18043025676613464, 0.12144344205412907, 0.1040943789035392, 0.07494795281054822, 0.056210964607911175, 0.05065926439972242, 0.05065926439972242, 0.04233171408743928]",0.0066035844250685,2.8234785850449917
FETUSDT,2024-10-06-00:00,2024-10-07-00:00,second,"[0.11519777931991672, 0.11658570437196392, 0.11034004163775156, 0.08605135322692574, 0.10617626648161, 0.09993060374739764, 0.09784871616932686, 0.0916030534351145, 0.0936849410131853, 0.08258154059680778]",0.0050351015483764,3.312789159364666
FETUSDT,2024-10-07-00:00,2024-10-08-00:00,first,"[0.2748091603053435, 0.19292158223455932, 0.15267175572519084, 0.09715475364330327, 0.07702984038861901, 0.061068702290076333, 0.0520471894517696, 0.04441360166551006, 0.047883414295628035]",0.0104297792591041,2.873458831121167
FETUSDT,2024-10-07-00:00,2024-10-08-00:00,second,"[0.11034004163775156, 0.11103400416377515, 0.10617626648161, 0.09993060374739764, 0.10062456627342123, 0.10756419153365718, 0.09507286606523248, 0.10478834142956281, 0.08396946564885496, 0.08049965301873699]",0.0054675604358664,3.3144158386131686
FETUSDT,2024-10-08-00:00,2024-10-09-00:00,first,"[0.27133934767522555, 0.18598195697432338, 0.14087439278278974, 0.1054823039555864, 0.08743927827897294, 0.05829285218598196, 0.047883414295628035, 0.05898681471200555, 0.04371963913948647]",0.0112202154525853,2.8972142605868423
FETUSDT,2024-10-08-00:00,2024-10-09-00:00,second,"[0.11380985426786953, 0.12283136710617627, 0.10340041637751561, 0.10617626648161, 0.11450381679389313, 0.0916030534351145, 0.08674531575294935, 0.08535739070090215, 0.0916030534351145, 0.08396946564885496]",0.0058033168663674,3.3093437631908484
FETUSDT,2024-10-09-00:00,2024-10-10-00:00,first,"[0.29305555555555557, 0.18541666666666667, 0.12430555555555556, 0.08958333333333333, 0.06666666666666667, 0.07569444444444444, 0.06041666666666667, 0.052083333333333336, 0.05277777777777778]",0.0063219733815225,2.8883881797376127
FETUSDT,2024-10-09-00:00,2024-10-10-00:00,second,"[0.14305555555555555, 0.11944444444444445, 0.12291666666666666, 0.09791666666666667, 0.08402777777777778, 0.09583333333333334, 0.07777777777777778, 0.07708333333333334, 0.1, 0.08194444444444444]",0.0110911484155719,3.2914618541944383
FETUSDT,2024-10-10-00:00,2024-10-11-00:00,first,"[0.263705759888966, 0.17279666897987508, 0.1325468424705066, 0.1193615544760583, 0.08952116585704371, 0.0791117279666898, 0.05690492713393477, 0.04718945176960444, 0.0388619014573213]",0.0116810012168231,2.9237578491840375
FETUSDT,2024-10-10-00:00,2024-10-11-00:00,second,"[0.11103400416377515, 0.11034004163775156, 0.10478834142956281, 0.10062456627342123, 0.11519777931991672, 0.09854267869535045, 0.08882720333102012, 0.0784177654406662, 0.09576682859125607, 0.09646079111727966]",0.0072830468034694,3.313775604052216
FETUSDT,2024-10-11-00:00,2024-10-12-00:00,first,"[0.30416666666666664, 0.19236111111111112, 0.1125, 0.10486111111111111, 0.07222222222222222, 0.06388888888888888, 0.06041666666666667, 0.04861111111111111, 0.04097222222222222]",0.0066182979666999,2.848385461546626
FETUSDT,2024-10-11-00:00,2024-10-12-00:00,second,"[0.10972222222222222, 0.11944444444444445, 0.11597222222222223, 0.10208333333333333, 0.09166666666666666, 0.09791666666666667, 0.09722222222222222, 0.10208333333333333, 0.08402777777777778, 0.0798611111111111]",0.0059046651241724,3.311195195891848
FETUSDT,2024-10-12-00:00,2024-10-13-00:00,first,"[0.3060374739764053, 0.17765440666204024, 0.12699514226231784, 0.09993060374739764, 0.07147814018043026, 0.06453851492019431, 0.05968077723802915, 0.05135322692574601, 0.04233171408743928]",0.0030082571224109,2.8588151636933343
FETUSDT,2024-10-12-00:00,2024-10-13-00:00,second,"[0.09646079111727966, 0.1325468424705066, 0.10825815405968078, 0.09437890353920889, 0.10270645385149202, 0.10062456627342123, 0.0936849410131853, 0.09784871616932686, 0.08743927827897294, 0.08605135322692574]",0.0067726508834135,3.3111545624924044
FETUSDT,2024-10-13-00:00,2024-10-14-00:00,first,"[0.32130464954892435, 0.19430950728660654, 0.12352532963219987, 0.08952116585704371, 0.07286606523247745, 0.05690492713393477, 0.04580152671755725, 0.0520471894517696, 0.04371963913948647]",0.0087527931378348,2.8036753936413206
FETUSDT,2024-10-13-00:00,2024-10-14-00:00,second,"[0.11727966689798751, 0.12005551700208189, 0.09854267869535045, 0.10201249132546843, 0.10478834142956281, 0.08188757807078417, 0.08952116585704371, 0.0922970159611381, 0.09299097848716169, 0.10062456627342123]",0.0067277437144145,3.3128061269887645
FETUSDT,2024-10-14-00:00,2024-10-15-00:00,first,"[0.28541666666666665, 0.1909722222222222, 0.1284722222222222, 0.10347222222222222, 0.08611111111111111, 0.06597222222222222, 0.05138888888888889, 0.04652777777777778, 0.041666666666666664]",0.0070903384573589,2.871801577729679
FETUSDT,2024-10-14-00:00,2024-10-15-00:00,second,"[0.11597222222222223, 0.10416666666666667, 0.11388888888888889, 0.09583333333333334, 0.10555555555555556, 0.10416666666666667, 0.10555555555555556, 0.08680555555555555, 0.09375, 0.07430555555555556]",0.0072329880458717,3.3112008736900362
FETUSDT,2024-10-15-00:00,2024-10-16-00:00,first,"[0.2879944482997918, 0.19292158223455932, 0.14295628036086053, 0.0922970159611381, 0.07702984038861901, 0.055517002081887576, 0.047883414295628035, 0.06384455239417071, 0.0395558639833449]",0.0105644215284951,2.8577790884856804
FETUSDT,2024-10-15-00:00,2024-10-16-00:00,second,"[0.12074947952810548, 0.1040943789035392, 0.10617626648161, 0.11103400416377515, 0.09576682859125607, 0.10131852879944483, 0.08743927827897294, 0.08396946564885496, 0.09715475364330327, 0.0922970159611381]",0.00586006236581,3.313988224641747
FETUSDT,2024-10-16-00:00,2024-10-17-00:00,first,"[0.32061068702290074, 0.20402498265093685, 0.12699514226231784, 0.09715475364330327, 0.07564191533657183, 0.05412907702984039, 0.0395558639833449, 0.04371963913948647, 0.03816793893129771]",0.0110701247207644,2.7699566090726893
FETUSDT,2024-10-16-00:00,2024-10-17-00:00,second,"[0.11450381679389313, 0.11589174184594032, 0.11242192921582235, 0.10062456627342123, 0.09299097848716169, 0.1054823039555864, 0.09090909090909091, 0.10895211658570438, 0.08396946564885496, 0.07425399028452463]",0.0066014528236125,3.3087057483423346
FETUSDT,2024-10-17-00:00,2024-10-18-00:00,first,"[0.2997918112421929, 0.1963913948646773, 0.12352532963219987, 0.09715475364330327, 0.08119361554476058, 0.05968077723802915, 0.0527411519777932, 0.04441360166551006, 0.04510756419153366]",0.0050127213203063,2.8435709999772767
FETUSDT,2024-10-17-00:00,2024-10-18-00:00,second,"[0.11589174184594032, 0.12144344205412907, 0.12352532963219987, 0.11172796668979876, 0.08743927827897294, 0.11242192921582235, 0.08327550312283137, 0.08049965301873699, 0.08119361554476058, 0.08258154059680778]",0.0090800538291206,3.3000299475423263
FETUSDT,2024-10-18-00:00,2024-10-19-00:00,first,"[0.3138888888888889, 0.2, 0.11527777777777778, 0.10277777777777777, 0.07222222222222222, 0.06111111111111111, 0.05277777777777778, 0.0375, 0.044444444444444446]",0.0094745330975439,2.8072718016011886
FETUSDT,2024-10-18-00:00,2024-10-19-00:00,second,"[0.11736111111111111, 0.11458333333333333, 0.11875, 0.10555555555555556, 0.09652777777777778, 0.09097222222222222, 0.08888888888888889, 0.09930555555555555, 0.08472222222222223, 0.08333333333333333]",0.0041602585061633,3.310270316957356
FETUSDT,2024-10-19-00:00,2024-10-20-00:00,first,"[0.3034722222222222, 0.18958333333333333, 0.10902777777777778, 0.09861111111111111, 0.07430555555555556, 0.06458333333333334, 0.06180555555555556, 0.05486111111111111, 0.04375]",0.0055905769290103,2.864513184656761
FETUSDT,2024-10-19-00:00,2024-10-20-00:00,second,"[0.11597222222222223, 0.1111111111111111, 0.11180555555555556, 0.11180555555555556, 0.10138888888888889, 0.10416666666666667, 0.0875, 0.07777777777777778, 0.09375, 0.08472222222222223]",0.0050420231562871,3.310144333576278
FETUSDT,2024-10-20-00:00,2024-10-21-00:00,first,"[0.3337969401947149, 0.1835883171070932, 0.1258692628650904, 0.08136300417246176, 0.05493741307371349, 0.0702364394993046, 0.06536856745479833, 0.048678720445062586, 0.03616133518776078]",0.0115246220410531,2.789977043466319
FETUSDT,2024-10-20-00:00,2024-10-21-00:00,second,"[0.1133518776077886, 0.12100139082058414, 0.10152990264255911, 0.11474269819193324, 0.10778859527121001, 0.1070931849791377, 0.0917941585535466, 0.08623087621696801, 0.08205841446453407, 0.07440890125173853]",0.0070841535108894,3.30582429419325
FETUSDT,2024-10-21-00:00,2024-10-22-00:00,first,"[0.32199861207494795, 0.16724496877168632, 0.12283136710617627, 0.10062456627342123, 0.07494795281054822, 0.0652324774462179, 0.054823039555863984, 0.04718945176960444, 0.04510756419153366]",0.0054851488169625,2.839126809878643
FETUSDT,2024-10-21-00:00,2024-10-22-00:00,second,"[0.10687022900763359, 0.11866759195003469, 0.10340041637751561, 0.10340041637751561, 0.09923664122137404, 0.0916030534351145, 0.09923664122137404, 0.09923664122137404, 0.09784871616932686, 0.08049965301873699]",0.0059605417046104,3.315548936783699
FETUSDT,2024-10-22-00:00,2024-10-23-00:00,first,"[0.31180555555555556, 0.19722222222222222, 0.1326388888888889, 0.08263888888888889, 0.07777777777777778, 0.05625, 0.052083333333333336, 0.05416666666666667, 0.035416666666666666]",0.0094712932351088,2.8106620305451764
FETUSDT,2024-10-22-00:00,2024-10-23-00:00,second,"[0.1284722222222222, 0.11666666666666667, 0.10972222222222222, 0.11388888888888889, 0.10138888888888889, 0.10138888888888889, 0.09652777777777778, 0.07708333333333334, 0.07708333333333334, 0.07777777777777778]",0.0061949900923425,3.3004666809870327
FETUSDT,2024-10-23-00:00,2024-10-24-00:00,first,"[0.31319444444444444, 0.1763888888888889, 0.12361111111111112, 0.09722222222222222, 0.075, 0.07222222222222222, 0.06111111111111111, 0.041666666666666664, 0.03958333333333333]",0.0047041965673044,2.841813216109583
FETUSDT,2024-10-23-00:00,2024-10-24-00:00,second,"[0.12361111111111112, 0.10625, 0.10208333333333333, 0.09583333333333334, 0.09444444444444444, 0.09652777777777778, 0.09444444444444444, 0.09027777777777778, 0.09861111111111111, 0.09791666666666667]",0.0057923846633725,3.3164638951834378
FETUSDT,2024-10-24-00:00,2024-10-25-00:00,first,"[0.30742539902845245, 0.17626648160999306, 0.11380985426786953, 0.1040943789035392, 0.0798056904927134, 0.07702984038861901, 0.05759888965995836, 0.04233171408743928, 0.041637751561415685]",0.00543610822608,2.8583642623989958
FETUSDT,2024-10-24-00:00,2024-10-25-00:00,second,"[0.11866759195003469, 0.11034004163775156, 0.10895211658570438, 0.08813324080499653, 0.1054823039555864, 0.10062456627342123, 0.08882720333102012, 0.08674531575294935, 0.10340041637751561, 0.08882720333102012]",0.0057824527622567,3.3136939484474994
FETUSDT,2024-10-25-00:00,2024-10-26-00:00,first,"[0.30416666666666664, 0.16597222222222222, 0.1284722222222222, 0.10208333333333333, 0.07708333333333334, 0.07361111111111111, 0.05555555555555555, 0.04652777777777778, 0.04652777777777778]",0.0042840190309967,2.8743036292740722
FETUSDT,2024-10-25-00:00,2024-10-26-00:00,second,"[0.12013888888888889, 0.10416666666666667, 0.12083333333333333, 0.10694444444444444, 0.10416666666666667, 0.10069444444444445, 0.08541666666666667, 0.08888888888888889, 0.08402777777777778, 0.08472222222222223]",0.0045924023749054,3.3093933080127296
FETUSDT,2024-10-26-00:00,2024-10-27-00:00,first,"[0.3136710617626648, 0.1714087439278279, 0.1325468424705066, 0.09646079111727966, 0.08466342817487855, 0.06037473976405274, 0.0527411519777932, 0.04580152671755725, 0.04233171408743928]",0.0057180786862542,2.8395424534233986
FETUSDT,2024-10-26-00:00,2024-10-27-00:00,second,"[0.12352532963219987, 0.12768910478834142, 0.11242192921582235, 0.10478834142956281, 0.1040943789035392, 0.08674531575294935, 0.08813324080499653, 0.08466342817487855, 0.08258154059680778, 0.08535739070090215]",0.0051700978208382,3.303651209847088
FETUSDT,2024-10-27-00:00,2024-10-28-00:00,first,"[0.3136710617626648, 0.157529493407356, 0.13601665510062458, 0.08674531575294935, 0.08327550312283137, 0.06315058986814712, 0.06731436502428868, 0.0520471894517696, 0.040249826509368494]",0.0084511837149344,2.86294095495345
FETUSDT,2024-10-27-00:00,2024-10-28-00:00,second,"[0.10201249132546843, 0.11242192921582235, 0.11589174184594032, 0.10687022900763359, 0.09784871616932686, 0.09854267869535045, 0.08813324080499653, 0.0936849410131853, 0.09437890353920889, 0.09021512838306732]",0.0053671865078877,3.3164160817625317
FETUSDT,2024-10-28-00:00,2024-10-29-00:00,first,"[0.2997918112421929, 0.1839000693962526, 0.10964607911172797, 0.08743927827897294, 0.08396946564885496, 0.05690492713393477, 0.06800832755031229, 0.05829285218598196, 0.0520471894517696]",0.0080096531431382,2.887500531885508
FETUSDT,2024-10-28-00:00,2024-10-29-00:00,second,"[0.11589174184594032, 0.11450381679389313, 0.11450381679389313, 0.11311589174184594, 0.0916030534351145, 0.09507286606523248, 0.10270645385149202, 0.09507286606523248, 0.07217210270645386, 0.08535739070090215]",0.0058989992385805,3.307356657560635
FETUSDT,2024-10-29-00:00,2024-10-30-00:00,first,"[0.33518390006939625, 0.18043025676613464, 0.12491325468424705, 0.0936849410131853, 0.06662040249826509, 0.05759888965995836, 0.0527411519777932, 0.05343511450381679, 0.03539208882720333]",0.0090612209271786,2.7870583299089096
FETUSDT,2024-10-29-00:00,2024-10-30-00:00,second,"[0.12213740458015267, 0.11311589174184594, 0.10062456627342123, 0.08119361554476058, 0.10617626648161, 0.09576682859125607, 0.10131852879944483, 0.09576682859125607, 0.10270645385149202, 0.08119361554476058]",0.0073642465615988,3.3113824548958926
FETUSDT,2024-10-30-00:00,2024-10-31-00:00,first,"[0.2997918112421929, 0.19361554476058293, 0.12074947952810548, 0.11103400416377515, 0.07356002775850104, 0.06731436502428868, 0.048577376821651634, 0.047883414295628035, 0.03747397640527411]",0.0071146338342879,2.8384653432204536
FETUSDT,2024-10-30-00:00,2024-10-31-00:00,second,"[0.12491325468424705, 0.11311589174184594, 0.10825815405968078, 0.11242192921582235, 0.1040943789035392, 0.08813324080499653, 0.08049965301873699, 0.08535739070090215, 0.08743927827897294, 0.09576682859125607]",0.0055764016483505,3.30797663483736
FETUSDT,2024-10-31-00:00,2024-11-01-00:00,first,"[0.3076388888888889, 0.15833333333333333, 0.125, 0.09097222222222222, 0.07777777777777778, 0.08402777777777778, 0.07083333333333333, 0.05277777777777778, 0.03263888888888889]",0.0084928414332923,2.8762990627793186
FETUSDT,2024-10-31-00:00,2024-11-01-00:00,second,"[0.11736111111111111, 0.10069444444444445, 0.10972222222222222, 0.10416666666666667, 0.09861111111111111, 0.10902777777777778, 0.09027777777777778, 0.10138888888888889, 0.08541666666666667, 0.08333333333333333]",0.0048576329622909,3.3140381588048142
FETUSDT,2024-11-01-00:00,2024-11-02-00:00,first,"[0.3143650242886884, 0.1991672449687717, 0.14087439278278974, 0.08674531575294935, 0.06939625260235947, 0.062456627342123525, 0.041637751561415685, 0.048577376821651634, 0.03678001387925052]",0.0116325934916194,2.7879307456918396
FETUSDT,2024-11-01-00:00,2024-11-02-00:00,second,"[0.11658570437196392, 0.11519777931991672, 0.11380985426786953, 0.10131852879944483, 0.10062456627342123, 0.09437890353920889, 0.08952116585704371, 0.08952116585704371, 0.09715475364330327, 0.08188757807078417]",0.003239419049001,3.312668162476848
FETUSDT,2024-11-02-00:00,2024-11-03-00:00,first,"[0.2539902845246357, 0.19430950728660654, 0.12283136710617627, 0.11172796668979876, 0.08049965301873699, 0.06939625260235947, 0.055517002081887576, 0.06662040249826509, 0.04510756419153366]",0.0116159893125355,2.9395824791497414
FETUSDT,2024-11-02-00:00,2024-11-03-00:00,second,"[0.11866759195003469, 0.1179736294240111, 0.11311589174184594, 0.09507286606523248, 0.09784871616932686, 0.09854267869535045, 0.0922970159611381, 0.09646079111727966, 0.08535739070090215, 0.08466342817487855]",0.0032704326986993,3.311988716134723
FETUSDT,2024-11-03-00:00,2024-11-04-00:00,first,"[0.32199861207494795, 0.16030534351145037, 0.1054823039555864, 0.08188757807078417, 0.07702984038861901, 0.08327550312283137, 0.06453851492019431, 0.05759888965995836, 0.047883414295628035]",0.0116480419540494,2.873521285986792
FETUSDT,2024-11-03-00:00,2024-11-04-00:00,second,"[0.11103400416377515, 0.1193615544760583, 0.1054823039555864, 0.11380985426786953, 0.09299097848716169, 0.09646079111727966, 0.10895211658570438, 0.08327550312283137, 0.08119361554476058, 0.08743927827897294]",0.0065942104258721,3.3099326382020244
FETUSDT,2024-11-04-00:00,2024-11-05-00:00,first,"[0.29444444444444445, 0.1875, 0.15, 0.11041666666666666, 0.07847222222222222, 0.05555555555555555, 0.04097222222222222, 0.04375, 0.03888888888888889]",0.0111059239988064,2.822079835657441
FETUSDT,2024-11-04-00:00,2024-11-05-00:00,second,"[0.1111111111111111, 0.11319444444444444, 0.10833333333333334, 0.10138888888888889, 0.08611111111111111, 0.09444444444444444, 0.11527777777777778, 0.09791666666666667, 0.0763888888888889, 0.09583333333333334]",0.0080607401334891,3.3115316832924693
FETUSDT,2024-11-05-00:00,2024-11-06-00:00,first,"[0.34836918806384454, 0.19292158223455932, 0.13324080499653018, 0.07147814018043026, 0.05898681471200555, 0.04718945176960444, 0.05065926439972242, 0.06037473976405274, 0.03678001387925052]",0.0181541780630318,2.733991607999582
FETUSDT,2024-11-05-00:00,2024-11-06-00:00,second,"[0.11658570437196392, 0.10201249132546843, 0.11380985426786953, 0.11034004163775156, 0.1040943789035392, 0.09437890353920889, 0.09854267869535045, 0.09021512838306732, 0.09090909090909091, 0.0791117279666898]",0.0046583987095313,3.312864605026008
FETUSDT,2024-11-06-00:00,2024-11-07-00:00,first,"[0.28452463566967384, 0.18806384455239417, 0.12768910478834142, 0.10687022900763359, 0.08535739070090215, 0.07356002775850104, 0.048577376821651634, 0.04233171408743928, 0.04302567661346287]",0.0083272338794437,2.873601621876668
FETUSDT,2024-11-06-00:00,2024-11-07-00:00,second,"[0.13740458015267176, 0.10478834142956281, 0.10340041637751561, 0.09854267869535045, 0.09646079111727966, 0.08605135322692574, 0.10201249132546843, 0.08813324080499653, 0.09507286606523248, 0.08813324080499653]",0.0074003536663797,3.308751067762823
FETUSDT,2024-11-07-00:00,2024-11-08-00:00,first,"[0.27966689798750866, 0.20541290770298404, 0.13671061762664816, 0.09576682859125607, 0.07702984038861901, 0.06176266481609993, 0.05065926439972242, 0.040943789035392086, 0.0520471894517696]",0.0105296063459434,2.8613819829714955
FETUSDT,2024-11-07-00:00,2024-11-08-00:00,second,"[0.12630117973629423, 0.11519777931991672, 0.1179736294240111, 0.10201249132546843, 0.0922970159611381, 0.0922970159611381, 0.08674531575294935, 0.08952116585704371, 0.09021512838306732, 0.08743927827897294]",0.0044337436991526,3.3085763208100887
FETUSDT,2024-11-08-00:00,2024-11-09-00:00,first,"[0.3025676613462873, 0.20402498265093685, 0.12768910478834142, 0.09576682859125607, 0.0784177654406662, 0.05412907702984039, 0.046495489243580844, 0.05343511450381679, 0.03747397640527411]",0.0076676332253419,2.817892878141655
FETUSDT,2024-11-08-00:00,2024-11-09-00:00,second,"[0.10687022900763359, 0.10617626648161, 0.10687022900763359, 0.10617626648161, 0.09784871616932686, 0.11519777931991672, 0.09715475364330327, 0.08674531575294935, 0.0922970159611381, 0.08466342817487855]",0.0057748460021577,3.315485156087872
FETUSDT,2024-11-09-00:00,2024-11-10-00:00,first,"[0.2886884108258154, 0.1984732824427481, 0.14295628036086053, 0.09437890353920889, 0.07078417765440666, 0.05343511450381679, 0.05898681471200555, 0.048577376821651634, 0.04371963913948647]",0.0091987633053213,2.849574394964442
FETUSDT,2024-11-09-00:00,2024-11-10-00:00,second,"[0.11311589174184594, 0.12768910478834142, 0.12352532963219987, 0.10895211658570438, 0.08466342817487855, 0.09715475364330327, 0.0777238029146426, 0.0936849410131853, 0.08813324080499653, 0.08535739070090215]",0.0075718167632258,3.30267434873392
FETUSDT,2024-11-10-00:00,2024-11-11-00:00,first,"[0.29840388619014574, 0.18043025676613464, 0.12213740458015267, 0.09646079111727966, 0.08813324080499653, 0.07009021512838307, 0.05065926439972242, 0.05829285218598196, 0.03539208882720333]",0.0052388328231545,2.8675394262609393
FETUSDT,2024-11-10-00:00,2024-11-11-00:00,second,"[0.10756419153365718, 0.1193615544760583, 0.09854267869535045, 0.10825815405968078, 0.10131852879944483, 0.10895211658570438, 0.08813324080499653, 0.09507286606523248, 0.08396946564885496, 0.08882720333102012]",0.0062471960562855,3.313778073882732
FETUSDT,2024-11-11-00:00,2024-11-12-00:00,first,"[0.24358084663428176, 0.1436502428868841, 0.12421929215822346, 0.12421929215822346, 0.09437890353920889, 0.08882720333102012, 0.07286606523247745, 0.05898681471200555, 0.049271339347675226]",0.020135468810794,3.007845110381971
FETUSDT,2024-11-11-00:00,2024-11-12-00:00,second,"[0.11450381679389313, 0.11380985426786953, 0.1179736294240111, 0.10062456627342123, 0.1040943789035392, 0.08119361554476058, 0.1054823039555864, 0.08535739070090215, 0.08466342817487855, 0.0922970159611381]",0.0064691078260917,3.310039052948084
FETUSDT,2024-11-12-00:00,2024-11-13-00:00,first,"[0.3324080499653019, 0.12838306731436502, 0.08188757807078417, 0.07564191533657183, 0.08396946564885496, 0.09784871616932686, 0.07633587786259542, 0.07078417765440666, 0.0527411519777932]",0.0248949884334036,2.8916141050342175
FETUSDT,2024-11-12-00:00,2024-11-13-00:00,second,"[0.157529493407356, 0.1054823039555864, 0.10478834142956281, 0.10895211658570438, 0.11311589174184594, 0.08743927827897294, 0.08258154059680778, 0.08327550312283137, 0.08119361554476058, 0.07564191533657183]",0.0110560941278973,3.2864556123525404
FETUSDT,2024-11-13-00:00,2024-11-14-00:00,first,"[0.4344205412907703, 0.1297709923664122, 0.062456627342123525, 0.048577376821651634, 0.061068702290076333, 0.0659264399722415, 0.05829285218598196, 0.0659264399722415, 0.07356002775850104]",0.0391706456795045,2.646251961080575
FETUSDT,2024-11-13-00:00,2024-11-14-00:00,second,"[0.12907702984038863, 0.11589174184594032, 0.11658570437196392, 0.09993060374739764, 0.09923664122137404, 0.09576682859125607, 0.09646079111727966, 0.08813324080499653, 0.07425399028452463, 0.08466342817487855]",0.0044499320765181,3.304401222399099
FETUSDT,2024-11-14-00:00,2024-11-15-00:00,first,"[0.2512144344205413, 0.17279666897987508, 0.13948646773074255, 0.11034004163775156, 0.09021512838306732, 0.0777238029146426, 0.06176266481609993, 0.0527411519777932, 0.04371963913948647]",0.0122551117200966,2.954563544152113
FETUSDT,2024-11-14-00:00,2024-11-15-00:00,second,"[0.11311589174184594, 0.10825815405968078, 0.10756419153365718, 0.10895211658570438, 0.09507286606523248, 0.1179736294240111, 0.09299097848716169, 0.08535739070090215, 0.08466342817487855, 0.08605135322692574]",0.0053945902291334,3.311659225633885
FETUSDT,2024-11-15-00:00,2024-11-16-00:00,first,"[0.28521859819569745, 0.19153365718251214, 0.14156835530881332, 0.11172796668979876, 0.08674531575294935, 0.055517002081887576, 0.05343511450381679, 0.03608605135322693, 0.03816793893129771]",0.0121008978254246,2.841547605950573
FETUSDT,2024-11-15-00:00,2024-11-16-00:00,second,"[0.11519777931991672, 0.10964607911172797, 0.09299097848716169, 0.1054823039555864, 0.10964607911172797, 0.0922970159611381, 0.08535739070090215, 0.09646079111727966, 0.09715475364330327, 0.09576682859125607]",0.0073907198028915,3.31611426612412
FETUSDT,2024-11-16-00:00,2024-11-17-00:00,first,"[0.23178348369188065, 0.21582234559333796, 0.14712005551700208, 0.13532269257460097, 0.08674531575294935, 0.05829285218598196, 0.048577376821651634, 0.04233171408743928, 0.034004163775156145]",0.0239753677151617,2.879496701381667
FETUSDT,2024-11-16-00:00,2024-11-17-00:00,second,"[0.10270645385149202, 0.10964607911172797, 0.09993060374739764, 0.09090909090909091, 0.11034004163775156, 0.09299097848716169, 0.10062456627342123, 0.09854267869535045, 0.10270645385149202, 0.0916030534351145]",0.0094428921872714,3.3189070545703405
FETUSDT,2024-11-17-00:00,2024-11-18-00:00,first,"[0.26162387231089523, 0.19569743233865372, 0.15475364330326163, 0.12283136710617627, 0.08327550312283137, 0.07009021512838307, 0.04996530187369882, 0.040943789035392086, 0.020818875780707843]",0.0183511370331178,2.843258201409259
FETUSDT,2024-11-17-00:00,2024-11-18-00:00,second,"[0.11380985426786953, 0.11658570437196392, 0.10201249132546843, 0.11172796668979876, 0.0936849410131853, 0.10270645385149202, 0.09646079111727966, 0.08674531575294935, 0.09090909090909091, 0.08535739070090215]",0.0045816713560198,3.3137359153753
FETUSDT,2024-11-18-00:00,2024-11-19-00:00,first,"[0.30881332408049966, 0.21651630811936157, 0.1339347675225538, 0.09923664122137404, 0.07217210270645386, 0.062456627342123525, 0.03608605135322693, 0.041637751561415685, 0.02914642609299098]",0.0132291192461711,2.756812411406605
FETUSDT,2024-11-18-00:00,2024-11-19-00:00,second,"[0.11727966689798751, 0.11866759195003469, 0.11172796668979876, 0.10895211658570438, 0.09576682859125607, 0.10340041637751561, 0.08535739070090215, 0.09437890353920889, 0.08396946564885496, 0.08049965301873699]",0.0046113214852624,3.3090243342443775
FETUSDT,2024-11-19-00:00,2024-11-20-00:00,first,"[0.28452463566967384, 0.18667591950034698, 0.13740458015267176, 0.09646079111727966, 0.06939625260235947, 0.0659264399722415, 0.06662040249826509, 0.048577376821651634, 0.04441360166551006]",0.0070397687799146,2.8844689510327726
FETUSDT,2024-11-19-00:00,2024-11-20-00:00,second,"[0.11866759195003469, 0.1325468424705066, 0.09646079111727966, 0.10131852879944483, 0.0936849410131853, 0.08605135322692574, 0.0936849410131853, 0.09299097848716169, 0.09646079111727966, 0.08813324080499653]",0.006726511959276,3.3089537524113624
FETUSDT,2024-11-20-00:00,2024-11-21-00:00,first,"[0.2914642609299098, 0.20402498265093685, 0.1450381679389313, 0.0916030534351145, 0.07356002775850104, 0.05829285218598196, 0.05065926439972242, 0.04580152671755725, 0.0395558639833449]",0.0106740344279748,2.828204352067677
FETUSDT,2024-11-20-00:00,2024-11-21-00:00,second,"[0.12352532963219987, 0.12144344205412907, 0.09854267869535045, 0.10340041637751561, 0.10201249132546843, 0.10062456627342123, 0.09021512838306732, 0.08882720333102012, 0.08466342817487855, 0.08674531575294935]",0.0037597965812273,3.3102160670842227
FETUSDT,2024-11-21-00:00,2024-11-22-00:00,first,"[0.29840388619014574, 0.1839000693962526, 0.12768910478834142, 0.11727966689798751, 0.0791117279666898, 0.05343511450381679, 0.05412907702984039, 0.04510756419153366, 0.040943789035392086]",0.0068730738690097,2.8451793518522024
FETUSDT,2024-11-21-00:00,2024-11-22-00:00,second,"[0.09854267869535045, 0.12213740458015267, 0.1040943789035392, 0.10687022900763359, 0.12005551700208189, 0.09715475364330327, 0.07494795281054822, 0.08952116585704371, 0.09854267869535045, 0.08813324080499653]",0.0090242632777094,3.308520473875192
FETUSDT,2024-11-22-00:00,2024-11-23-00:00,first,"[0.25190839694656486, 0.17557251908396945, 0.16099930603747398, 0.11658570437196392, 0.10062456627342123, 0.05759888965995836, 0.05759888965995836, 0.0388619014573213, 0.040249826509368494]",0.0171510180041951,2.9037740010249027
FETUSDT,2024-11-22-00:00,2024-11-23-00:00,second,"[0.10895211658570438, 0.10895211658570438, 0.10201249132546843, 0.11242192921582235, 0.10617626648161, 0.09784871616932686, 0.08535739070090215, 0.10340041637751561, 0.08535739070090215, 0.08952116585704371]",0.0065408308946323,3.315242875037797
FETUSDT,2024-11-23-00:00,2024-11-24-00:00,first,"[0.2532963219986121, 0.17279666897987508, 0.13601665510062458, 0.1193615544760583, 0.08952116585704371, 0.08049965301873699, 0.061068702290076333, 0.05343511450381679, 0.034004163775156145]",0.0139514645614876,2.9392818881934706
FETUSDT,2024-11-23-00:00,2024-11-24-00:00,second,"[0.11450381679389313, 0.10895211658570438, 0.11034004163775156, 0.10895211658570438, 0.10062456627342123, 0.1040943789035392, 0.08882720333102012, 0.08952116585704371, 0.08605135322692574, 0.08813324080499653]",0.0034020989682702,3.3141983358743117
FETUSDT,2024-11-24-00:00,2024-11-25-00:00,first,"[0.3511450381679389, 0.13948646773074255, 0.09715475364330327, 0.0777238029146426, 0.0791117279666898, 0.07702984038861901, 0.06939625260235947, 0.05412907702984039, 0.054823039555863984]",0.0185876672142853,2.8387569058795408
FETUSDT,2024-11-24-00:00,2024-11-25-00:00,second,"[0.11589174184594032, 0.12838306731436502, 0.11172796668979876, 0.11034004163775156, 0.08743927827897294, 0.08952116585704371, 0.09854267869535045, 0.08813324080499653, 0.0791117279666898, 0.09090909090909091]",0.0068979189523208,3.306074119396222
FETUSDT,2024-11-25-00:00,2024-11-26-00:00,first,"[0.263705759888966, 0.13532269257460097, 0.10964607911172797, 0.12630117973629423, 0.09784871616932686, 0.08535739070090215, 0.06939625260235947, 0.05690492713393477, 0.055517002081887576]",0.0207523243894816,2.9894155633619928
FETUSDT,2024-11-25-00:00,2024-11-26-00:00,second,"[0.11589174184594032, 0.12768910478834142, 0.10617626648161, 0.08952116585704371, 0.10062456627342123, 0.09021512838306732, 0.09715475364330327, 0.09854267869535045, 0.08466342817487855, 0.08952116585704371]",0.0061219772943984,3.3106205529580026
FETUSDT,2024-11-26-00:00,2024-11-27-00:00,first,"[0.3004857737682165, 0.14989590562109645, 0.11866759195003469, 0.10478834142956281, 0.08327550312283137, 0.07425399028452463, 0.06662040249826509, 0.06037473976405274, 0.041637751561415685]",0.0082512131084164,2.9105589872184097
FETUSDT,2024-11-26-00:00,2024-11-27-00:00,second,"[0.12352532963219987, 0.10131852879944483, 0.1193615544760583, 0.10687022900763359, 0.10270645385149202, 0.08466342817487855, 0.08952116585704371, 0.10131852879944483, 0.0916030534351145, 0.0791117279666898]",0.00686491525051,3.3087332866589865
FETUSDT,2024-11-27-00:00,2024-11-28-00:00,first,"[0.24219292158223457, 0.15267175572519084, 0.1443442054129077, 0.13809854267869534, 0.08535739070090215, 0.07217210270645386, 0.06315058986814712, 0.05759888965995836, 0.04441360166551006]",0.0185778814016449,2.97208880220986
FETUSDT,2024-11-27-00:00,2024-11-28-00:00,second,"[0.10895211658570438, 0.10756419153365718, 0.11034004163775156, 0.09299097848716169, 0.09993060374739764, 0.11519777931991672, 0.08674531575294935, 0.09021512838306732, 0.09715475364330327, 0.09090909090909091]",0.0071071050131356,3.3155515567004312
FETUSDT,2024-11-28-00:00,2024-11-29-00:00,first,"[0.24635669673837612, 0.18875780707841777, 0.12838306731436502, 0.11034004163775156, 0.09923664122137404, 0.07633587786259542, 0.06176266481609993, 0.0520471894517696, 0.03678001387925052]",0.0141446168015621,2.942416601509189
FETUSDT,2024-11-28-00:00,2024-11-29-00:00,second,"[0.11034004163775156, 0.09923664122137404, 0.10478834142956281, 0.10478834142956281, 0.10825815405968078, 0.09715475364330327, 0.08813324080499653, 0.11103400416377515, 0.08049965301873699, 0.09576682859125607]",0.0080675484518842,3.3153360832471064
FETUSDT,2024-11-29-00:00,2024-11-30-00:00,first,"[0.2886884108258154, 0.16169326856349758, 0.11866759195003469, 0.0936849410131853, 0.07633587786259542, 0.08535739070090215, 0.07633587786259542, 0.05829285218598196, 0.040943789035392086]",0.0097544137097329,2.924901667602639
FETUSDT,2024-11-29-00:00,2024-11-30-00:00,second,"[0.12907702984038863, 0.11658570437196392, 0.11172796668979876, 0.10756419153365718, 0.10270645385149202, 0.09923664122137404, 0.09437890353920889, 0.08396946564885496, 0.0791117279666898, 0.07564191533657183]",0.0048392571908081,3.3027856288527375
FETUSDT,2024-11-30-00:00,2024-12-01-00:00,first,"[0.2879944482997918, 0.14920194309507287, 0.12491325468424705, 0.09715475364330327, 0.0922970159611381, 0.08258154059680778, 0.06037473976405274, 0.055517002081887576, 0.04996530187369882]",0.0088778544997445,2.934841451993222
FETUSDT,2024-11-30-00:00,2024-12-01-00:00,second,"[0.12005551700208189, 0.10825815405968078, 0.11658570437196392, 0.09993060374739764, 0.0922970159611381, 0.0916030534351145, 0.09784871616932686, 0.08674531575294935, 0.09646079111727966, 0.09021512838306732]",0.0053445896043481,3.3137117017095012
FETUSDT,2024-12-01-00:00,2024-12-02-00:00,first,"[0.27133934767522555, 0.16308119361554477, 0.12768910478834142, 0.11311589174184594, 0.08952116585704371, 0.06870229007633588, 0.07217210270645386, 0.04441360166551006, 0.04996530187369882]",0.0109865853801696,2.938444336085846
FETUSDT,2024-12-01-00:00,2024-12-02-00:00,second,"[0.11727966689798751, 0.12491325468424705, 0.10895211658570438, 0.11658570437196392, 0.0922970159611381, 0.0936849410131853, 0.09646079111727966, 0.08327550312283137, 0.07564191533657183, 0.09090909090909091]",0.0064815414367066,3.305040726086581
FETUSDT,2024-12-02-00:00,2024-12-03-00:00,first,"[0.23247744621790423, 0.157529493407356, 0.14295628036086053, 0.13324080499653018, 0.09784871616932686, 0.0798056904927134, 0.05898681471200555, 0.056210964607911175, 0.040943789035392086]",0.0204284481377078,2.9802562008767577
FETUSDT,2024-12-02-00:00,2024-12-03-00:00,second,"[0.12491325468424705, 0.11658570437196392, 0.11866759195003469, 0.10062456627342123, 0.10131852879944483, 0.0916030534351145, 0.08327550312283137, 0.0916030534351145, 0.08258154059680778, 0.08882720333102012]",0.0047733843934009,3.3070620449647485
FETUSDT,2024-12-03-00:00,2024-12-04-00:00,first,"[0.29909784871616935, 0.15267175572519084, 0.11103400416377515, 0.12421929215822346, 0.08049965301873699, 0.0791117279666898, 0.06453851492019431, 0.04441360166551006, 0.04441360166551006]",0.0105198205333029,2.8970578316683406
FETUSDT,2024-12-03-00:00,2024-12-04-00:00,second,"[0.11866759195003469, 0.11034004163775156, 0.08674531575294935, 0.1054823039555864, 0.10201249132546843, 0.0916030534351145, 0.09784871616932686, 0.10062456627342123, 0.09854267869535045, 0.08813324080499653]",0.0063424208072835,3.3156085057137665
FETUSDT,2024-12-04-00:00,2024-12-05-00:00,first,"[0.2782789729354615, 0.131852879944483, 0.13601665510062458, 0.10825815405968078, 0.09021512838306732, 0.09437890353920889, 0.05898681471200555, 0.062456627342123525, 0.0395558639833449]",0.0162646729815662,2.947225354850039
FETUSDT,2024-12-04-00:00,2024-12-05-00:00,second,"[0.12768910478834142, 0.11727966689798751, 0.10687022900763359, 0.10478834142956281, 0.1040943789035392, 0.1054823039555864, 0.08188757807078417, 0.08813324080499653, 0.0784177654406662, 0.08535739070090215]",0.0049618928625857,3.3051374826844673
FETUSDT,2024-12-05-00:00,2024-12-06-00:00,first,"[0.2734212352532963, 0.15336571825121442, 0.1193615544760583, 0.09646079111727966, 0.09299097848716169, 0.07217210270645386, 0.07494795281054822, 0.07078417765440666, 0.046495489243580844]",0.0125246011640377,2.966615812060883
FETUSDT,2024-12-05-00:00,2024-12-06-00:00,second,"[0.12352532963219987, 0.09646079111727966, 0.12699514226231784, 0.10340041637751561, 0.09854267869535045, 0.09021512838306732, 0.09299097848716169, 0.09993060374739764, 0.09021512838306732, 0.0777238029146426]",0.0068486787148257,3.307517239791696
FETUSDT,2024-12-06-00:00,2024-12-07-00:00,first,"[0.31852879944483, 0.1589174184594032, 0.09507286606523248, 0.09021512838306732, 0.08882720333102012, 0.0791117279666898, 0.07286606523247745, 0.0520471894517696, 0.04441360166551006]",0.0122396632576666,2.879904357220311
FETUSDT,2024-12-06-00:00,2024-12-07-00:00,second,"[0.11589174184594032, 0.10756419153365718, 0.12005551700208189, 0.10340041637751561, 0.09299097848716169, 0.11450381679389313, 0.09021512838306732, 0.09021512838306732, 0.08049965301873699, 0.08466342817487855]",0.0058121197976288,3.3090134047219655
FETUSDT,2024-12-07-00:00,2024-12-08-00:00,first,"[0.28938237335183903, 0.19153365718251214, 0.12144344205412907, 0.09993060374739764, 0.08605135322692574, 0.07494795281054822, 0.048577376821651634, 0.04718945176960444, 0.040943789035392086]",0.0074076131612017,2.8690981302367207
FETUSDT,2024-12-07-00:00,2024-12-08-00:00,second,"[0.12074947952810548, 0.11727966689798751, 0.1054823039555864, 0.09854267869535045, 0.1054823039555864, 0.09299097848716169, 0.08396946564885496, 0.09923664122137404, 0.09437890353920889, 0.08188757807078417]",0.0050654756043561,3.311451650923184
FETUSDT,2024-12-08-00:00,2024-12-09-00:00,first,"[0.27550312283136713, 0.21651630811936157, 0.15405968077723803, 0.11034004163775156, 0.07702984038861901, 0.055517002081887576, 0.05065926439972242, 0.027758501040943788, 0.03261623872310895]",0.018439115969403,2.7959859878713837
FETUSDT,2024-12-08-00:00,2024-12-09-00:00,second,"[0.11034004163775156, 0.10340041637751561, 0.1054823039555864, 0.11311589174184594, 0.10964607911172797, 0.08882720333102012, 0.09993060374739764, 0.0916030534351145, 0.09021512838306732, 0.08743927827897294]",0.0062036283020788,3.3156833232616005
FETUSDT,2024-12-09-00:00,2024-12-10-00:00,first,"[0.30742539902845245, 0.16655100624566274, 0.11380985426786953, 0.09993060374739764, 0.07147814018043026, 0.07494795281054822, 0.06176266481609993, 0.049271339347675226, 0.054823039555863984]",0.0067229831371887,2.8867095570093517
FETUSDT,2024-12-09-00:00,2024-12-10-00:00,second,"[0.1311589174184594, 0.09993060374739764, 0.10340041637751561, 0.10340041637751561, 0.0922970159611381, 0.09576682859125607, 0.10756419153365718, 0.0916030534351145, 0.08188757807078417, 0.09299097848716169]",0.006982759033436,3.3110077677395586
FETUSDT,2024-12-10-00:00,2024-12-11-00:00,first,"[0.2886884108258154, 0.12005551700208189, 0.09437890353920889, 0.10270645385149202, 0.10270645385149202, 0.08813324080499653, 0.07564191533657183, 0.07147814018043026, 0.056210964607911175]",0.0219860355468569,2.9765470560398835
FETUSDT,2024-12-10-00:00,2024-12-11-00:00,second,"[0.12005551700208189, 0.11519777931991672, 0.1179736294240111, 0.1040943789035392, 0.10062456627342123, 0.09576682859125607, 0.08952116585704371, 0.07702984038861901, 0.0922970159611381, 0.08743927827897294]",0.0036642614690926,3.308574261960177
FETUSDT,2024-12-11-00:00,2024-12-12-00:00,first,"[0.24288688410825815, 0.17904233171408743, 0.15405968077723803, 0.11589174184594032, 0.08535739070090215, 0.07147814018043026, 0.05829285218598196, 0.05135322692574601, 0.041637751561415685]",0.0138361890122183,2.941316836013421
FETUSDT,2024-12-11-00:00,2024-12-12-00:00,second,"[0.11866759195003469, 0.11380985426786953, 0.10964607911172797, 0.09507286606523248, 0.10201249132546843, 0.09576682859125607, 0.09576682859125607, 0.0936849410131853, 0.08466342817487855, 0.09090909090909091]",0.0028331305134618,3.3144215035001547
FETUSDT,2024-12-12-00:00,2024-12-13-00:00,first,"[0.263705759888966, 0.19569743233865372, 0.14989590562109645, 0.10478834142956281, 0.09923664122137404, 0.0652324774462179, 0.05412907702984039, 0.03608605135322693, 0.031228313671061762]",0.0161104590868943,2.863594377555698
FETUSDT,2024-12-12-00:00,2024-12-13-00:00,second,"[0.10895211658570438, 0.11242192921582235, 0.11103400416377515, 0.11172796668979876, 0.09437890353920889, 0.09715475364330327, 0.10687022900763359, 0.10270645385149202, 0.08049965301873699, 0.07425399028452463]",0.0071876774529146,3.3096215683052903
FETUSDT,2024-12-13-00:00,2024-12-14-00:00,first,"[0.2921582234559334, 0.21512838306731435, 0.14642609299097847, 0.09021512838306732, 0.08188757807078417, 0.05065926439972242, 0.04718945176960444, 0.03747397640527411, 0.0388619014573213]",0.0140512916483268,2.7956079644933483
FETUSDT,2024-12-13-00:00,2024-12-14-00:00,second,"[0.11103400416377515, 0.12005551700208189, 0.10687022900763359, 0.10895211658570438, 0.10062456627342123, 0.10478834142956281, 0.10340041637751561, 0.08535739070090215, 0.08952116585704371, 0.06939625260235947]",0.0062384464910028,3.307188398294772
FETUSDT,2024-12-14-00:00,2024-12-15-00:00,first,"[0.31158917418459403, 0.2081887578070784, 0.12283136710617627, 0.08258154059680778, 0.08188757807078417, 0.0520471894517696, 0.05412907702984039, 0.0395558639833449, 0.04718945176960444]",0.0103988823342441,2.8017799317351693
FETUSDT,2024-12-14-00:00,2024-12-15-00:00,second,"[0.11727966689798751, 0.11034004163775156, 0.12283136710617627, 0.10687022900763359, 0.12283136710617627, 0.08466342817487855, 0.09646079111727966, 0.06453851492019431, 0.08535739070090215, 0.08882720333102012]",0.009197921664702,3.2969709806887586
FETUSDT,2024-12-15-00:00,2024-12-16-00:00,first,"[0.2963219986120749, 0.19500346981263011, 0.12421929215822346, 0.08743927827897294, 0.08743927827897294, 0.061068702290076333, 0.06662040249826509, 0.0395558639833449, 0.04233171408743928]",0.0079552663353056,2.8525681201051087
FETUSDT,2024-12-15-00:00,2024-12-16-00:00,second,"[0.1179736294240111, 0.11311589174184594, 0.11727966689798751, 0.09507286606523248, 0.1054823039555864, 0.09715475364330327, 0.09576682859125607, 0.09993060374739764, 0.08952116585704371, 0.06870229007633588]",0.0056063213971327,3.307148187574721
FETUSDT,2024-12-16-00:00,2024-12-17-00:00,first,"[0.28452463566967384, 0.19361554476058293, 0.14712005551700208, 0.10201249132546843, 0.08743927827897294, 0.06453851492019431, 0.04302567661346287, 0.047883414295628035, 0.029840388619014575]",0.0117924700360808,2.836265834009705
FETUSDT,2024-12-16-00:00,2024-12-17-00:00,second,"[0.11380985426786953, 0.11242192921582235, 0.11380985426786953, 0.10131852879944483, 0.09854267869535045, 0.10131852879944483, 0.08466342817487855, 0.09646079111727966, 0.08535739070090215, 0.0922970159611381]",0.0046076228021211,3.314235444245327
FETUSDT,2024-12-17-00:00,2024-12-18-00:00,first,"[0.26717557251908397, 0.17973629424011103, 0.13809854267869534, 0.11380985426786953, 0.08674531575294935, 0.08258154059680778, 0.048577376821651634, 0.046495489243580844, 0.03678001387925052]",0.0126452229302572,2.9011827049002057
FETUSDT,2024-12-17-00:00,2024-12-18-00:00,second,"[0.11034004163775156, 0.10617626648161, 0.11658570437196392, 0.09299097848716169, 0.11103400416377515, 0.09299097848716169, 0.09784871616932686, 0.09576682859125607, 0.0916030534351145, 0.08466342817487855]",0.0064823653653695,3.314977070046166
FETUSDT,2024-12-18-00:00,2024-12-19-00:00,first,"[0.28452463566967384, 0.1970853573907009, 0.14850798056904926, 0.10756419153365718, 0.0652324774462179, 0.06800832755031229, 0.05829285218598196, 0.03608605135322693, 0.03469812630117974]",0.0125733253220808,2.83322138230494
FETUSDT,2024-12-18-00:00,2024-12-19-00:00,second,"[0.11866759195003469, 0.10270645385149202, 0.1193615544760583, 0.10131852879944483, 0.09507286606523248, 0.10131852879944483, 0.10270645385149202, 0.08535739070090215, 0.0922970159611381, 0.08119361554476058]",0.0058480057836809,3.311909303791251
FETUSDT,2024-12-19-00:00,2024-12-20-00:00,first,"[0.25815405968077726, 0.1991672449687717, 0.14295628036086053, 0.10687022900763359, 0.0777238029146426, 0.07286606523247745, 0.05412907702984039, 0.047883414295628035, 0.040249826509368494]",0.0126606713926872,2.899980511578904
FETUSDT,2024-12-19-00:00,2024-12-20-00:00,second,"[0.12283136710617627, 0.12074947952810548, 0.10270645385149202, 0.09854267869535045, 0.09784871616932686, 0.09576682859125607, 0.09715475364330327, 0.08605135322692574, 0.10062456627342123, 0.0777238029146426]",0.0053692010369342,3.309866979902978
FETUSDT,2024-12-20-00:00,2024-12-21-00:00,first,"[0.37682165163081194, 0.17904233171408743, 0.08466342817487855, 0.056210964607911175, 0.06176266481609993, 0.05412907702984039, 0.06037473976405274, 0.06800832755031229, 0.05898681471200555]",0.0247134779257476,2.734906723745606
FETUSDT,2024-12-20-00:00,2024-12-21-00:00,second,"[0.10617626648161, 0.11311589174184594, 0.1325468424705066, 0.10270645385149202, 0.10270645385149202, 0.09576682859125607, 0.09437890353920889, 0.08396946564885496, 0.08605135322692574, 0.08258154059680778]",0.0054255525610167,3.307311552215056
FETUSDT,2024-12-21-00:00,2024-12-22-00:00,first,"[0.28313671061762663, 0.1693268563497571, 0.14920194309507287, 0.10825815405968078, 0.0936849410131853, 0.054823039555863984, 0.04371963913948647, 0.056210964607911175, 0.041637751561415685]",0.0122607743698861,2.877509467813559
FETUSDT,2024-12-21-00:00,2024-12-22-00:00,second,"[0.1179736294240111, 0.11727966689798751, 0.10617626648161, 0.0922970159611381, 0.10687022900763359, 0.0922970159611381, 0.0916030534351145, 0.1054823039555864, 0.08674531575294935, 0.08327550312283137]",0.0050163809832936,3.3120006356001963
FETUSDT,2024-12-22-00:00,2024-12-23-00:00,first,"[0.33102012491325467, 0.1963913948646773, 0.12005551700208189, 0.0916030534351145, 0.07564191533657183, 0.05759888965995836, 0.049271339347675226, 0.04441360166551006, 0.034004163775156145]",0.0111756144573932,2.770526747571362
FETUSDT,2024-12-22-00:00,2024-12-23-00:00,second,"[0.11450381679389313, 0.10825815405968078, 0.1054823039555864, 0.10340041637751561, 0.08535739070090215, 0.10270645385149202, 0.10478834142956281, 0.08605135322692574, 0.10478834142956281, 0.08466342817487855]",0.0069322223092795,3.3144341383551867
FETUSDT,2024-12-23-00:00,2024-12-24-00:00,first,"[0.25190839694656486, 0.2366412213740458, 0.1568355308813324, 0.10617626648161, 0.08396946564885496, 0.056210964607911175, 0.04302567661346287, 0.02914642609299098, 0.03608605135322693]",0.0236669399258179,2.8062152569440606
FETUSDT,2024-12-23-00:00,2024-12-24-00:00,second,"[0.12560721721027066, 0.11242192921582235, 0.1193615544760583, 0.09784871616932686, 0.09993060374739764, 0.09507286606523248, 0.0916030534351145, 0.0798056904927134, 0.09299097848716169, 0.08535739070090215]",0.00444979352709,3.308053582428993
FETUSDT,2024-12-24-00:00,2024-12-25-00:00,first,"[0.3102012491325468, 0.1852879944482998, 0.1193615544760583, 0.0922970159611381, 0.09021512838306732, 0.054823039555863984, 0.04371963913948647, 0.062456627342123525, 0.041637751561415685]",0.0090457724647486,2.8388103270822382
FETUSDT,2024-12-24-00:00,2024-12-25-00:00,second,"[0.12352532963219987, 0.10687022900763359, 0.10131852879944483, 0.0922970159611381, 0.10270645385149202, 0.08952116585704371, 0.09715475364330327, 0.09715475364330327, 0.09993060374739764, 0.08952116585704371]",0.0067422917642172,3.3156188100000477
FETUSDT,2024-12-25-00:00,2024-12-26-00:00,first,"[0.3136710617626648, 0.16724496877168632, 0.11519777931991672, 0.10964607911172797, 0.06939625260235947, 0.06731436502428868, 0.06731436502428868, 0.04510756419153366, 0.04510756419153366]",0.0077926945872516,2.859504411351617
FETUSDT,2024-12-25-00:00,2024-12-26-00:00,second,"[0.1325468424705066, 0.11519777931991672, 0.10895211658570438, 0.09854267869535045, 0.09854267869535045, 0.10131852879944483, 0.0791117279666898, 0.10131852879944483, 0.07217210270645386, 0.0922970159611381]",0.0074426727593183,3.3027743851367117
FETUSDT,2024-12-26-00:00,2024-12-27-00:00,first,"[0.33587786259541985, 0.18181818181818182, 0.11172796668979876, 0.07702984038861901, 0.07702984038861901, 0.06176266481609993, 0.05829285218598196, 0.05135322692574601, 0.04510756419153366]",0.0091280887512442,2.8076547806725203
FETUSDT,2024-12-26-00:00,2024-12-27-00:00,second,"[0.12838306731436502, 0.11242192921582235, 0.12630117973629423, 0.11727966689798751, 0.09437890353920889, 0.0936849410131853, 0.0922970159611381, 0.08605135322692574, 0.06800832755031229, 0.08119361554476058]",0.0078267172230596,3.295394026665541
FETUSDT,2024-12-27-00:00,2024-12-28-00:00,first,"[0.32546842470506593, 0.19569743233865372, 0.11242192921582235, 0.0777238029146426, 0.07702984038861901, 0.05759888965995836, 0.05968077723802915, 0.04510756419153366, 0.049271339347675226]",0.0109438403047554,2.808932775562221
FETUSDT,2024-12-27-00:00,2024-12-28-00:00,second,"[0.11519777931991672, 0.10756419153365718, 0.1193615544760583, 0.10270645385149202, 0.10617626648161, 0.09854267869535045, 0.0936849410131853, 0.08952116585704371, 0.08188757807078417, 0.08535739070090215]",0.0037887612901935,3.3117883600932294
FETUSDT,2024-12-28-00:00,2024-12-29-00:00,first,"[0.31297709923664124, 0.17418459403192227, 0.12352532963219987, 0.0936849410131853, 0.0791117279666898, 0.05968077723802915, 0.056210964607911175, 0.056210964607911175, 0.04441360166551006]",0.003779010162931,2.855081106343955
FETUSDT,2024-12-28-00:00,2024-12-29-00:00,second,"[0.12005551700208189, 0.1297709923664122, 0.10825815405968078, 0.10964607911172797, 0.09021512838306732, 0.09854267869535045, 0.08049965301873699, 0.09090909090909091, 0.08466342817487855, 0.08743927827897294]",0.0052876253997243,3.3049688515572146
FETUSDT,2024-12-29-00:00,2024-12-30-00:00,first,"[0.3289382373351839, 0.1568355308813324, 0.12213740458015267, 0.08813324080499653, 0.07009021512838307, 0.07494795281054822, 0.046495489243580844, 0.0527411519777932, 0.05968077723802915]",0.0114269602353119,2.8474804971614334
FETUSDT,2024-12-29-00:00,2024-12-30-00:00,second,"[0.10687022900763359, 0.12213740458015267, 0.12699514226231784, 0.10617626648161, 0.11034004163775156, 0.09923664122137404, 0.08743927827897294, 0.07147814018043026, 0.08466342817487855, 0.08466342817487855]",0.008171779093856,3.301143843935426
FETUSDT,2024-12-30-00:00,2024-12-31-00:00,first,"[0.29354614850798055, 0.17626648160999306, 0.12213740458015267, 0.10131852879944483, 0.0784177654406662, 0.06800832755031229, 0.06453851492019431, 0.05759888965995836, 0.03816793893129771]",0.0041418247601075,2.889567850749751
FETUSDT,2024-12-30-00:00,2024-12-31-00:00,second,"[0.12560721721027066, 0.10340041637751561, 0.10270645385149202, 0.12213740458015267, 0.10340041637751561, 0.09090909090909091, 0.09090909090909091, 0.08743927827897294, 0.0798056904927134, 0.0936849410131853]",0.0071031192056024,3.30816416502048
FETUSDT,2024-12-31-00:00,2025-01-01-00:00,first,"[0.3004857737682165, 0.18112421929215822, 0.12074947952810548, 0.0916030534351145, 0.0777238029146426, 0.06384455239417071, 0.05343511450381679, 0.05690492713393477, 0.05412907702984039]",0.0042571003093768,2.880612454022389
FETUSDT,2024-12-31-00:00,2025-01-01-00:00,second,"[0.12560721721027066, 0.10617626648161, 0.11519777931991672, 0.09784871616932686, 0.11311589174184594, 0.08188757807078417, 0.09646079111727966, 0.08327550312283137, 0.09299097848716169, 0.08743927827897294]",0.0072121649731778,3.308168150213513
