symbol,start_date,end_date,actual_frequencies,digit_type,target
KRW-PUNDIX,2021-12-31-00:00,2022-01-01-00:00,"[0.34, 0.17, 0.095, 0.1, 0.075, 0.07, 0.075, 0.015, 0.06]",first,TA
KRW-PUNDIX,2021-12-31-00:00,2022-01-01-00:00,"[0.215, 0.09, 0.095, 0.08, 0.07, 0.105, 0.07, 0.065, 0.09, 0.12]",second,TA
KRW-PUNDIX,2021-12-30-00:00,2021-12-31-00:00,"[0.3125, 0.1625, 0.07, 0.135, 0.0875, 0.0825, 0.0525, 0.065, 0.0325]",first,TA
KRW-PUNDIX,2021-12-30-00:00,2021-12-31-00:00,"[0.1875, 0.115, 0.135, 0.09, 0.08, 0.0925, 0.0575, 0.06, 0.0825, 0.1]",second,TA
KRW-PUNDIX,2021-12-29-00:00,2021-12-30-00:00,"[0.3425, 0.1525, 0.0775, 0.11, 0.0875, 0.07, 0.05, 0.0675, 0.0425]",first,TA
KRW-PUNDIX,2021-12-29-00:00,2021-12-30-00:00,"[0.1675, 0.09, 0.1, 0.1325, 0.1, 0.1, 0.05, 0.0775, 0.095, 0.0875]",second,TA
KRW-PUNDIX,2021-12-28-00:00,2021-12-29-00:00,"[0.3225, 0.15, 0.1075, 0.1325, 0.075, 0.0725, 0.035, 0.045, 0.06]",first,TA
KRW-PUNDIX,2021-12-28-00:00,2021-12-29-00:00,"[0.195, 0.1025, 0.0875, 0.1525, 0.0925, 0.085, 0.0825, 0.0575, 0.055, 0.09]",second,TA
KRW-PUNDIX,2021-12-27-00:00,2021-12-28-00:00,"[0.37, 0.13, 0.1, 0.115, 0.11, 0.065, 0.03, 0.035, 0.045]",first,TA
KRW-PUNDIX,2021-12-27-00:00,2021-12-28-00:00,"[0.25, 0.1, 0.095, 0.15, 0.075, 0.08, 0.08, 0.04, 0.055, 0.075]",second,TA
KRW-PUNDIX,2021-12-26-00:00,2021-12-27-00:00,"[0.4, 0.125, 0.1125, 0.12, 0.0875, 0.0425, 0.045, 0.025, 0.0425]",first,TA
KRW-PUNDIX,2021-12-26-00:00,2021-12-27-00:00,"[0.2275, 0.1175, 0.095, 0.1225, 0.0575, 0.095, 0.0525, 0.0625, 0.0825, 0.0875]",second,TA
KRW-PUNDIX,2021-12-25-00:00,2021-12-26-00:00,"[0.38, 0.135, 0.11, 0.135, 0.085, 0.03, 0.045, 0.02, 0.06]",first,TA
KRW-PUNDIX,2021-12-25-00:00,2021-12-26-00:00,"[0.235, 0.13, 0.11, 0.105, 0.045, 0.095, 0.06, 0.06, 0.065, 0.095]",second,TA
KRW-PUNDIX,2021-12-24-00:00,2021-12-25-00:00,"[0.335, 0.14, 0.0675, 0.12, 0.0825, 0.0575, 0.095, 0.0375, 0.065]",first,TA
KRW-PUNDIX,2021-12-24-00:00,2021-12-25-00:00,"[0.2075, 0.13, 0.12, 0.1, 0.07, 0.11, 0.0675, 0.0475, 0.04, 0.1075]",second,TA
KRW-PUNDIX,2021-12-23-00:00,2021-12-24-00:00,"[0.355, 0.14, 0.08, 0.095, 0.08, 0.045, 0.08, 0.065, 0.06]",first,TA
KRW-PUNDIX,2021-12-23-00:00,2021-12-24-00:00,"[0.22, 0.13, 0.09, 0.095, 0.06, 0.105, 0.075, 0.05, 0.07, 0.105]",second,TA
KRW-PUNDIX,2021-12-22-00:00,2021-12-23-00:00,"[0.3375, 0.1775, 0.1075, 0.095, 0.08, 0.0525, 0.0575, 0.055, 0.0375]",first,TA
KRW-PUNDIX,2021-12-22-00:00,2021-12-23-00:00,"[0.1625, 0.135, 0.0775, 0.13, 0.085, 0.0775, 0.07, 0.075, 0.0675, 0.12]",second,TA
KRW-PUNDIX,2021-12-21-00:00,2021-12-22-00:00,"[0.3425, 0.125, 0.0925, 0.0975, 0.08, 0.0875, 0.065, 0.0625, 0.0475]",first,TA
KRW-PUNDIX,2021-12-21-00:00,2021-12-22-00:00,"[0.18, 0.1225, 0.1, 0.08, 0.095, 0.09, 0.0675, 0.0725, 0.0725, 0.12]",second,TA
KRW-PUNDIX,2021-12-20-00:00,2021-12-21-00:00,"[0.345, 0.13, 0.115, 0.0675, 0.065, 0.11, 0.08, 0.0375, 0.05]",first,TA
KRW-PUNDIX,2021-12-20-00:00,2021-12-21-00:00,"[0.175, 0.16, 0.1125, 0.1025, 0.0825, 0.085, 0.0725, 0.0725, 0.06, 0.0775]",second,TA
KRW-PUNDIX,2021-12-19-00:00,2021-12-20-00:00,"[0.315, 0.1475, 0.11, 0.0525, 0.11, 0.1075, 0.0725, 0.04, 0.045]",first,TA
KRW-PUNDIX,2021-12-19-00:00,2021-12-20-00:00,"[0.1925, 0.125, 0.1, 0.105, 0.0725, 0.0925, 0.0675, 0.065, 0.0725, 0.1075]",second,TA
KRW-PUNDIX,2021-12-18-00:00,2021-12-19-00:00,"[0.305, 0.125, 0.085, 0.06, 0.15, 0.11, 0.065, 0.065, 0.035]",first,TA
KRW-PUNDIX,2021-12-18-00:00,2021-12-19-00:00,"[0.25, 0.085, 0.11, 0.09, 0.07, 0.1, 0.055, 0.065, 0.05, 0.125]",second,TA
KRW-PUNDIX,2021-12-17-00:00,2021-12-18-00:00,"[0.315, 0.115, 0.085, 0.075, 0.11, 0.1, 0.095, 0.065, 0.04]",first,TA
KRW-PUNDIX,2021-12-17-00:00,2021-12-18-00:00,"[0.105, 0.095, 0.15, 0.095, 0.095, 0.13, 0.05, 0.11, 0.055, 0.115]",second,TA
KRW-PUNDIX,2021-12-16-00:00,2021-12-17-00:00,"[0.275, 0.11, 0.095, 0.13, 0.1, 0.095, 0.105, 0.04, 0.05]",first,TA
KRW-PUNDIX,2021-12-16-00:00,2021-12-17-00:00,"[0.155, 0.1, 0.13, 0.14, 0.06, 0.1, 0.05, 0.05, 0.115, 0.1]",second,TA
KRW-PUNDIX,2021-12-15-00:00,2021-12-16-00:00,"[0.2925, 0.1975, 0.075, 0.0975, 0.0825, 0.0875, 0.0775, 0.04, 0.05]",first,TA
KRW-PUNDIX,2021-12-15-00:00,2021-12-16-00:00,"[0.15, 0.1275, 0.1125, 0.1, 0.075, 0.085, 0.07, 0.09, 0.0925, 0.0975]",second,TA
KRW-PUNDIX,2021-12-14-00:00,2021-12-15-00:00,"[0.3025, 0.1375, 0.085, 0.0975, 0.1, 0.0975, 0.095, 0.035, 0.05]",first,TA
KRW-PUNDIX,2021-12-14-00:00,2021-12-15-00:00,"[0.1725, 0.13, 0.125, 0.1025, 0.095, 0.07, 0.0675, 0.07, 0.08, 0.0875]",second,TA
KRW-PUNDIX,2021-12-13-00:00,2021-12-14-00:00,"[0.3575, 0.1525, 0.0875, 0.0875, 0.095, 0.09, 0.0425, 0.045, 0.0425]",first,TA
KRW-PUNDIX,2021-12-13-00:00,2021-12-14-00:00,"[0.185, 0.1225, 0.13, 0.09, 0.0925, 0.0625, 0.0525, 0.0825, 0.07, 0.1125]",second,TA
KRW-PUNDIX,2021-12-12-00:00,2021-12-13-00:00,"[0.3425, 0.1575, 0.0825, 0.0975, 0.095, 0.095, 0.0525, 0.04, 0.0375]",first,TA
KRW-PUNDIX,2021-12-12-00:00,2021-12-13-00:00,"[0.1975, 0.1275, 0.08, 0.0875, 0.0775, 0.1, 0.055, 0.1075, 0.0675, 0.1]",second,TA
KRW-PUNDIX,2021-12-11-00:00,2021-12-12-00:00,"[0.345, 0.1525, 0.095, 0.105, 0.0775, 0.08, 0.0675, 0.035, 0.0425]",first,TA
KRW-PUNDIX,2021-12-11-00:00,2021-12-12-00:00,"[0.15, 0.1125, 0.09, 0.1275, 0.08, 0.095, 0.09, 0.085, 0.0675, 0.1025]",second,TA
KRW-PUNDIX,2021-12-10-00:00,2021-12-11-00:00,"[0.34, 0.1775, 0.1, 0.1, 0.0525, 0.095, 0.0525, 0.0375, 0.045]",first,TA
KRW-PUNDIX,2021-12-10-00:00,2021-12-11-00:00,"[0.17, 0.105, 0.115, 0.13, 0.07, 0.0725, 0.1025, 0.0725, 0.08, 0.0825]",second,TA
KRW-PUNDIX,2021-12-09-00:00,2021-12-10-00:00,"[0.3175, 0.1625, 0.12, 0.0875, 0.0725, 0.0925, 0.065, 0.0475, 0.035]",first,TA
KRW-PUNDIX,2021-12-09-00:00,2021-12-10-00:00,"[0.1725, 0.125, 0.085, 0.1225, 0.0975, 0.105, 0.065, 0.0675, 0.075, 0.085]",second,TA
KRW-PUNDIX,2021-12-08-00:00,2021-12-09-00:00,"[0.325, 0.2025, 0.12, 0.0925, 0.0875, 0.0475, 0.045, 0.04, 0.04]",first,TA
KRW-PUNDIX,2021-12-08-00:00,2021-12-09-00:00,"[0.1425, 0.1075, 0.1075, 0.08, 0.1225, 0.1025, 0.0625, 0.06, 0.07, 0.145]",second,TA
KRW-PUNDIX,2021-12-07-00:00,2021-12-08-00:00,"[0.345, 0.1975, 0.0975, 0.085, 0.08, 0.0725, 0.05, 0.03, 0.0425]",first,TA
KRW-PUNDIX,2021-12-07-00:00,2021-12-08-00:00,"[0.145, 0.115, 0.115, 0.0875, 0.1225, 0.08, 0.0725, 0.09, 0.0525, 0.12]",second,TA
KRW-PUNDIX,2021-12-06-00:00,2021-12-07-00:00,"[0.2925, 0.1725, 0.155, 0.07, 0.08, 0.0575, 0.0475, 0.075, 0.05]",first,TA
KRW-PUNDIX,2021-12-06-00:00,2021-12-07-00:00,"[0.1575, 0.0875, 0.075, 0.09, 0.1075, 0.0875, 0.1175, 0.0975, 0.0775, 0.1025]",second,TA
KRW-PUNDIX,2021-12-05-00:00,2021-12-06-00:00,"[0.31, 0.1925, 0.11, 0.0925, 0.0875, 0.08, 0.065, 0.0275, 0.035]",first,TA
KRW-PUNDIX,2021-12-05-00:00,2021-12-06-00:00,"[0.18, 0.12, 0.08, 0.1125, 0.09, 0.09, 0.0775, 0.09, 0.0675, 0.0925]",second,TA
KRW-PUNDIX,2021-12-04-00:00,2021-12-05-00:00,"[0.295, 0.1725, 0.1375, 0.095, 0.085, 0.075, 0.065, 0.035, 0.04]",first,TA
KRW-PUNDIX,2021-12-04-00:00,2021-12-05-00:00,"[0.2125, 0.09, 0.075, 0.11, 0.11, 0.075, 0.08, 0.0875, 0.055, 0.105]",second,TA
KRW-PUNDIX,2021-12-03-00:00,2021-12-04-00:00,"[0.3025, 0.1375, 0.1375, 0.0975, 0.1275, 0.0575, 0.0475, 0.0375, 0.055]",first,TA
KRW-PUNDIX,2021-12-03-00:00,2021-12-04-00:00,"[0.195, 0.105, 0.065, 0.0775, 0.0925, 0.1025, 0.0875, 0.1225, 0.05, 0.1025]",second,TA
KRW-PUNDIX,2021-12-02-00:00,2021-12-03-00:00,"[0.29, 0.14, 0.1425, 0.075, 0.12, 0.07, 0.0525, 0.0675, 0.0425]",first,TA
KRW-PUNDIX,2021-12-02-00:00,2021-12-03-00:00,"[0.1875, 0.0825, 0.075, 0.0775, 0.1125, 0.095, 0.09, 0.1075, 0.0875, 0.085]",second,TA
KRW-PUNDIX,2021-12-01-00:00,2021-12-02-00:00,"[0.275, 0.16, 0.155, 0.07, 0.0925, 0.0575, 0.0675, 0.075, 0.0475]",first,TA
KRW-PUNDIX,2021-12-01-00:00,2021-12-02-00:00,"[0.1725, 0.085, 0.0675, 0.0525, 0.12, 0.105, 0.08, 0.1125, 0.0925, 0.1125]",second,TA
KRW-PUNDIX,2021-11-30-00:00,2021-12-01-00:00,"[0.3075, 0.1725, 0.145, 0.09, 0.0925, 0.0275, 0.055, 0.055, 0.055]",first,TA
KRW-PUNDIX,2021-11-30-00:00,2021-12-01-00:00,"[0.1925, 0.115, 0.0625, 0.0525, 0.0975, 0.0925, 0.0775, 0.115, 0.0575, 0.1375]",second,TA
KRW-PUNDIX,2021-11-29-00:00,2021-11-30-00:00,"[0.35, 0.175, 0.14, 0.095, 0.0825, 0.02, 0.045, 0.0625, 0.03]",first,TA
KRW-PUNDIX,2021-11-29-00:00,2021-11-30-00:00,"[0.2175, 0.11, 0.0825, 0.075, 0.095, 0.1125, 0.0575, 0.0925, 0.055, 0.1025]",second,TA
KRW-PUNDIX,2021-11-28-00:00,2021-11-29-00:00,"[0.345, 0.1575, 0.13, 0.08, 0.0975, 0.045, 0.06, 0.06, 0.025]",first,TA
KRW-PUNDIX,2021-11-28-00:00,2021-11-29-00:00,"[0.2, 0.095, 0.1025, 0.0775, 0.0975, 0.11, 0.07, 0.0775, 0.0725, 0.0975]",second,TA
KRW-PUNDIX,2021-11-27-00:00,2021-11-28-00:00,"[0.3325, 0.1825, 0.13, 0.0975, 0.08, 0.0575, 0.05, 0.0425, 0.0275]",first,TA
KRW-PUNDIX,2021-11-27-00:00,2021-11-28-00:00,"[0.1625, 0.135, 0.12, 0.0725, 0.08, 0.09, 0.08, 0.0975, 0.06, 0.1025]",second,TA
KRW-PUNDIX,2021-11-26-00:00,2021-11-27-00:00,"[0.32, 0.1775, 0.1175, 0.09, 0.0975, 0.06, 0.07, 0.025, 0.0425]",first,TA
KRW-PUNDIX,2021-11-26-00:00,2021-11-27-00:00,"[0.1525, 0.135, 0.075, 0.11, 0.075, 0.0825, 0.09, 0.08, 0.0975, 0.1025]",second,TA
KRW-PUNDIX,2021-11-25-00:00,2021-11-26-00:00,"[0.385, 0.1725, 0.1325, 0.0575, 0.065, 0.05, 0.035, 0.0525, 0.05]",first,TA
KRW-PUNDIX,2021-11-25-00:00,2021-11-26-00:00,"[0.1475, 0.185, 0.1175, 0.075, 0.0625, 0.0825, 0.09, 0.08, 0.095, 0.065]",second,TA
KRW-PUNDIX,2021-11-24-00:00,2021-11-25-00:00,"[0.345, 0.15, 0.1175, 0.095, 0.0825, 0.04, 0.045, 0.0825, 0.0425]",first,TA
KRW-PUNDIX,2021-11-24-00:00,2021-11-25-00:00,"[0.135, 0.13, 0.1225, 0.0925, 0.1125, 0.085, 0.0775, 0.0875, 0.08, 0.0775]",second,TA
KRW-PUNDIX,2021-11-23-00:00,2021-11-24-00:00,"[0.3725, 0.1725, 0.11, 0.0925, 0.06, 0.0425, 0.0625, 0.0475, 0.04]",first,TA
KRW-PUNDIX,2021-11-23-00:00,2021-11-24-00:00,"[0.125, 0.1625, 0.1175, 0.09, 0.06, 0.1, 0.075, 0.08, 0.0775, 0.1125]",second,TA
KRW-PUNDIX,2021-11-22-00:00,2021-11-23-00:00,"[0.3275, 0.205, 0.11, 0.085, 0.08, 0.06, 0.0375, 0.0525, 0.0425]",first,TA
KRW-PUNDIX,2021-11-22-00:00,2021-11-23-00:00,"[0.1675, 0.0825, 0.16, 0.1125, 0.055, 0.0775, 0.0925, 0.06, 0.1, 0.0925]",second,TA
KRW-PUNDIX,2021-11-21-00:00,2021-11-22-00:00,"[0.4, 0.16, 0.16, 0.0625, 0.055, 0.03, 0.045, 0.04, 0.0475]",first,TA
KRW-PUNDIX,2021-11-21-00:00,2021-11-22-00:00,"[0.165, 0.0925, 0.135, 0.135, 0.0875, 0.065, 0.0675, 0.065, 0.1, 0.0875]",second,TA
KRW-PUNDIX,2021-11-20-00:00,2021-11-21-00:00,"[0.4025, 0.1775, 0.1125, 0.075, 0.07, 0.03, 0.0525, 0.035, 0.045]",first,TA
KRW-PUNDIX,2021-11-20-00:00,2021-11-21-00:00,"[0.1525, 0.075, 0.13, 0.1325, 0.0825, 0.0925, 0.1025, 0.0775, 0.0925, 0.0625]",second,TA
KRW-PUNDIX,2021-11-19-00:00,2021-11-20-00:00,"[0.3625, 0.155, 0.1025, 0.1, 0.1, 0.0275, 0.08, 0.0375, 0.035]",first,TA
KRW-PUNDIX,2021-11-19-00:00,2021-11-20-00:00,"[0.1275, 0.115, 0.15, 0.08, 0.095, 0.0925, 0.0825, 0.085, 0.09, 0.0825]",second,TA
KRW-PUNDIX,2021-11-18-00:00,2021-11-19-00:00,"[0.31, 0.1975, 0.125, 0.085, 0.0825, 0.0425, 0.055, 0.06, 0.0425]",first,TA
KRW-PUNDIX,2021-11-18-00:00,2021-11-19-00:00,"[0.1525, 0.1075, 0.1125, 0.125, 0.09, 0.0725, 0.07, 0.075, 0.0725, 0.1225]",second,TA
KRW-PUNDIX,2021-11-17-00:00,2021-11-18-00:00,"[0.3225, 0.1625, 0.12, 0.095, 0.075, 0.0625, 0.06, 0.0675, 0.035]",first,TA
KRW-PUNDIX,2021-11-17-00:00,2021-11-18-00:00,"[0.1275, 0.08, 0.135, 0.1, 0.1075, 0.0725, 0.095, 0.1, 0.09, 0.0925]",second,TA
KRW-PUNDIX,2021-11-16-00:00,2021-11-17-00:00,"[0.35, 0.2075, 0.1275, 0.075, 0.0775, 0.0425, 0.0575, 0.0425, 0.02]",first,TA
KRW-PUNDIX,2021-11-16-00:00,2021-11-17-00:00,"[0.11, 0.11, 0.165, 0.0975, 0.1125, 0.08, 0.075, 0.0975, 0.0775, 0.075]",second,TA
KRW-PUNDIX,2021-11-15-00:00,2021-11-16-00:00,"[0.36, 0.1675, 0.1225, 0.0925, 0.1125, 0.03, 0.035, 0.0475, 0.0325]",first,TA
KRW-PUNDIX,2021-11-15-00:00,2021-11-16-00:00,"[0.1175, 0.0725, 0.1825, 0.0725, 0.095, 0.08, 0.095, 0.0825, 0.1025, 0.1]",second,TA
KRW-PUNDIX,2021-11-14-00:00,2021-11-15-00:00,"[0.3725, 0.1925, 0.11, 0.08, 0.06, 0.0425, 0.0475, 0.05, 0.045]",first,TA
KRW-PUNDIX,2021-11-14-00:00,2021-11-15-00:00,"[0.145, 0.0875, 0.16, 0.085, 0.0875, 0.09, 0.08, 0.0525, 0.0975, 0.115]",second,TA
KRW-PUNDIX,2021-11-13-00:00,2021-11-14-00:00,"[0.355, 0.2025, 0.0975, 0.0925, 0.0675, 0.0575, 0.0525, 0.045, 0.03]",first,TA
KRW-PUNDIX,2021-11-13-00:00,2021-11-14-00:00,"[0.1375, 0.0975, 0.175, 0.0675, 0.09, 0.11, 0.0875, 0.085, 0.08, 0.07]",second,TA
KRW-PUNDIX,2021-11-12-00:00,2021-11-13-00:00,"[0.3925, 0.1425, 0.11, 0.085, 0.0675, 0.0475, 0.0475, 0.0525, 0.055]",first,TA
KRW-PUNDIX,2021-11-12-00:00,2021-11-13-00:00,"[0.14, 0.0875, 0.1875, 0.07, 0.09, 0.1, 0.085, 0.08, 0.065, 0.095]",second,TA
KRW-PUNDIX,2021-11-11-00:00,2021-11-12-00:00,"[0.4275, 0.1825, 0.1025, 0.065, 0.0575, 0.035, 0.035, 0.0525, 0.0425]",first,TA
KRW-PUNDIX,2021-11-11-00:00,2021-11-12-00:00,"[0.13, 0.095, 0.2075, 0.075, 0.1025, 0.0475, 0.0825, 0.0775, 0.075, 0.1075]",second,TA
KRW-PUNDIX,2021-11-10-00:00,2021-11-11-00:00,"[0.4075, 0.1675, 0.1175, 0.065, 0.0475, 0.0525, 0.055, 0.0375, 0.05]",first,TA
KRW-PUNDIX,2021-11-10-00:00,2021-11-11-00:00,"[0.145, 0.0775, 0.145, 0.1, 0.1075, 0.0725, 0.1, 0.0625, 0.0975, 0.0925]",second,TA
KRW-PUNDIX,2021-11-09-00:00,2021-11-10-00:00,"[0.3875, 0.15, 0.1275, 0.11, 0.0675, 0.0375, 0.0475, 0.03, 0.0425]",first,TA
KRW-PUNDIX,2021-11-09-00:00,2021-11-10-00:00,"[0.16, 0.07, 0.135, 0.1375, 0.08, 0.08, 0.095, 0.0725, 0.085, 0.085]",second,TA
KRW-PUNDIX,2021-11-08-00:00,2021-11-09-00:00,"[0.4, 0.17, 0.0925, 0.0625, 0.05, 0.055, 0.0575, 0.045, 0.0675]",first,TA
KRW-PUNDIX,2021-11-08-00:00,2021-11-09-00:00,"[0.145, 0.1125, 0.1825, 0.095, 0.07, 0.0975, 0.065, 0.0825, 0.0575, 0.0925]",second,TA
KRW-PUNDIX,2021-11-07-00:00,2021-11-08-00:00,"[0.395, 0.1725, 0.1, 0.065, 0.065, 0.0475, 0.035, 0.065, 0.055]",first,TA
KRW-PUNDIX,2021-11-07-00:00,2021-11-08-00:00,"[0.1475, 0.1225, 0.145, 0.1, 0.0925, 0.095, 0.075, 0.08, 0.0775, 0.065]",second,TA
KRW-PUNDIX,2021-11-06-00:00,2021-11-07-00:00,"[0.4125, 0.1325, 0.125, 0.0625, 0.065, 0.055, 0.03, 0.055, 0.0625]",first,TA
KRW-PUNDIX,2021-11-06-00:00,2021-11-07-00:00,"[0.135, 0.09, 0.09, 0.1375, 0.0725, 0.0925, 0.1, 0.0775, 0.115, 0.09]",second,TA
KRW-PUNDIX,2021-11-05-00:00,2021-11-06-00:00,"[0.395, 0.1725, 0.1175, 0.095, 0.0425, 0.03, 0.05, 0.0475, 0.05]",first,TA
KRW-PUNDIX,2021-11-05-00:00,2021-11-06-00:00,"[0.1425, 0.105, 0.08, 0.14, 0.115, 0.08, 0.09, 0.0775, 0.08, 0.09]",second,TA
KRW-PUNDIX,2021-11-04-00:00,2021-11-05-00:00,"[0.32, 0.145, 0.1125, 0.09, 0.1, 0.075, 0.08, 0.035, 0.0425]",first,TA
KRW-PUNDIX,2021-11-04-00:00,2021-11-05-00:00,"[0.1325, 0.1075, 0.0875, 0.11, 0.0775, 0.0875, 0.1025, 0.1075, 0.0925, 0.095]",second,TA
KRW-PUNDIX,2021-11-03-00:00,2021-11-04-00:00,"[0.3375, 0.1825, 0.1375, 0.0775, 0.0725, 0.045, 0.0525, 0.0375, 0.0575]",first,TA
KRW-PUNDIX,2021-11-03-00:00,2021-11-04-00:00,"[0.115, 0.1, 0.1075, 0.115, 0.11, 0.0775, 0.1025, 0.085, 0.095, 0.0925]",second,TA
KRW-PUNDIX,2021-11-02-00:00,2021-11-03-00:00,"[0.3675, 0.1575, 0.1275, 0.0925, 0.0625, 0.04, 0.065, 0.0525, 0.035]",first,TA
KRW-PUNDIX,2021-11-02-00:00,2021-11-03-00:00,"[0.15, 0.09, 0.1425, 0.105, 0.0825, 0.075, 0.085, 0.1025, 0.085, 0.0825]",second,TA
KRW-PUNDIX,2021-11-01-00:00,2021-11-02-00:00,"[0.3825, 0.165, 0.11, 0.125, 0.055, 0.0625, 0.045, 0.0325, 0.0225]",first,TA
KRW-PUNDIX,2021-11-01-00:00,2021-11-02-00:00,"[0.1525, 0.1, 0.0925, 0.09, 0.09, 0.0875, 0.0925, 0.1025, 0.0925, 0.1]",second,TA
KRW-PUNDIX,2021-10-31-00:00,2021-11-01-00:00,"[0.325, 0.16, 0.1475, 0.0925, 0.0725, 0.065, 0.06, 0.0275, 0.05]",first,TA
KRW-PUNDIX,2021-10-31-00:00,2021-11-01-00:00,"[0.1325, 0.1225, 0.105, 0.11, 0.0725, 0.09, 0.1175, 0.0875, 0.09, 0.0725]",second,TA
KRW-PUNDIX,2021-10-30-00:00,2021-10-31-00:00,"[0.3825, 0.1475, 0.11, 0.07, 0.0775, 0.0475, 0.065, 0.0625, 0.0375]",first,TA
KRW-PUNDIX,2021-10-30-00:00,2021-10-31-00:00,"[0.1675, 0.115, 0.1, 0.075, 0.09, 0.075, 0.0925, 0.11, 0.0775, 0.0975]",second,TA
KRW-PUNDIX,2021-10-29-00:00,2021-10-30-00:00,"[0.3525, 0.155, 0.115, 0.07, 0.0675, 0.0875, 0.0675, 0.0475, 0.0375]",first,TA
KRW-PUNDIX,2021-10-29-00:00,2021-10-30-00:00,"[0.12, 0.1225, 0.105, 0.095, 0.095, 0.105, 0.08, 0.0875, 0.09, 0.1]",second,TA
KRW-PUNDIX,2021-10-28-00:00,2021-10-29-00:00,"[0.355, 0.165, 0.125, 0.0875, 0.0575, 0.0525, 0.0625, 0.0625, 0.0325]",first,TA
KRW-PUNDIX,2021-10-28-00:00,2021-10-29-00:00,"[0.1425, 0.1175, 0.0925, 0.1175, 0.095, 0.1075, 0.1325, 0.035, 0.0725, 0.0875]",second,TA
KRW-PUNDIX,2021-10-27-00:00,2021-10-28-00:00,"[0.3, 0.2, 0.1325, 0.0925, 0.07, 0.025, 0.0725, 0.0475, 0.06]",first,TA
KRW-PUNDIX,2021-10-27-00:00,2021-10-28-00:00,"[0.1425, 0.12, 0.08, 0.0925, 0.0625, 0.0875, 0.1125, 0.0575, 0.115, 0.13]",second,TA
KRW-PUNDIX,2021-10-26-00:00,2021-10-27-00:00,"[0.3125, 0.18, 0.1, 0.075, 0.0725, 0.0575, 0.0675, 0.0725, 0.0625]",first,TA
KRW-PUNDIX,2021-10-26-00:00,2021-10-27-00:00,"[0.17, 0.1325, 0.08, 0.08, 0.0675, 0.0875, 0.095, 0.0875, 0.1225, 0.0775]",second,TA
KRW-PUNDIX,2021-10-25-00:00,2021-10-26-00:00,"[0.355, 0.1575, 0.1325, 0.0725, 0.0575, 0.0575, 0.055, 0.05, 0.0625]",first,TA
KRW-PUNDIX,2021-10-25-00:00,2021-10-26-00:00,"[0.1475, 0.1325, 0.0775, 0.0925, 0.0875, 0.08, 0.0925, 0.105, 0.1175, 0.0675]",second,TA
KRW-PUNDIX,2021-10-24-00:00,2021-10-25-00:00,"[0.355, 0.145, 0.1725, 0.05, 0.075, 0.04, 0.04, 0.05, 0.0725]",first,TA
KRW-PUNDIX,2021-10-24-00:00,2021-10-25-00:00,"[0.1475, 0.0975, 0.0775, 0.0975, 0.0825, 0.1125, 0.1225, 0.09, 0.105, 0.0675]",second,TA
KRW-PUNDIX,2021-10-23-00:00,2021-10-24-00:00,"[0.38, 0.145, 0.16, 0.04, 0.08, 0.04, 0.03, 0.055, 0.07]",first,TA
KRW-PUNDIX,2021-10-23-00:00,2021-10-24-00:00,"[0.16, 0.085, 0.085, 0.115, 0.06, 0.135, 0.145, 0.07, 0.085, 0.06]",second,TA
KRW-PUNDIX,2021-10-22-00:00,2021-10-23-00:00,"[0.38, 0.16, 0.1125, 0.09, 0.08, 0.045, 0.035, 0.04, 0.0575]",first,TA
KRW-PUNDIX,2021-10-22-00:00,2021-10-23-00:00,"[0.205, 0.08, 0.1175, 0.095, 0.0725, 0.0725, 0.0975, 0.095, 0.0825, 0.0825]",second,TA
KRW-PUNDIX,2021-10-21-00:00,2021-10-22-00:00,"[0.3475, 0.16, 0.0975, 0.0825, 0.0925, 0.05, 0.06, 0.065, 0.045]",first,TA
KRW-PUNDIX,2021-10-21-00:00,2021-10-22-00:00,"[0.16, 0.1125, 0.075, 0.0975, 0.0975, 0.085, 0.09, 0.0825, 0.095, 0.105]",second,TA
KRW-PUNDIX,2021-10-20-00:00,2021-10-21-00:00,"[0.315, 0.17, 0.1075, 0.0975, 0.1025, 0.06, 0.045, 0.06, 0.0425]",first,TA
KRW-PUNDIX,2021-10-20-00:00,2021-10-21-00:00,"[0.1575, 0.1225, 0.0675, 0.0975, 0.085, 0.095, 0.115, 0.0875, 0.0725, 0.1]",second,TA
KRW-PUNDIX,2021-10-19-00:00,2021-10-20-00:00,"[0.315, 0.165, 0.125, 0.125, 0.075, 0.04, 0.05, 0.055, 0.05]",first,TA
KRW-PUNDIX,2021-10-19-00:00,2021-10-20-00:00,"[0.125, 0.135, 0.05, 0.085, 0.07, 0.105, 0.15, 0.09, 0.09, 0.1]",second,TA
KRW-PUNDIX,2021-10-18-00:00,2021-10-19-00:00,"[0.3525, 0.17, 0.1125, 0.095, 0.0875, 0.03, 0.035, 0.0475, 0.07]",first,TA
KRW-PUNDIX,2021-10-18-00:00,2021-10-19-00:00,"[0.1675, 0.1025, 0.07, 0.09, 0.0875, 0.0675, 0.12, 0.105, 0.105, 0.085]",second,TA
KRW-PUNDIX,2021-10-17-00:00,2021-10-18-00:00,"[0.3075, 0.185, 0.0875, 0.11, 0.1175, 0.045, 0.0625, 0.0325, 0.0525]",first,TA
KRW-PUNDIX,2021-10-17-00:00,2021-10-18-00:00,"[0.1925, 0.095, 0.085, 0.1125, 0.0775, 0.0575, 0.125, 0.07, 0.09, 0.095]",second,TA
KRW-PUNDIX,2021-10-16-00:00,2021-10-17-00:00,"[0.2675, 0.1925, 0.12, 0.08, 0.1175, 0.04, 0.0775, 0.0425, 0.0625]",first,TA
KRW-PUNDIX,2021-10-16-00:00,2021-10-17-00:00,"[0.1775, 0.12, 0.085, 0.095, 0.075, 0.08, 0.0975, 0.085, 0.09, 0.095]",second,TA
KRW-PUNDIX,2021-10-15-00:00,2021-10-16-00:00,"[0.275, 0.19, 0.1225, 0.0975, 0.0825, 0.065, 0.0625, 0.035, 0.07]",first,TA
KRW-PUNDIX,2021-10-15-00:00,2021-10-16-00:00,"[0.215, 0.095, 0.0725, 0.0975, 0.0975, 0.075, 0.065, 0.1075, 0.0825, 0.0925]",second,TA
KRW-PUNDIX,2021-10-14-00:00,2021-10-15-00:00,"[0.315, 0.1775, 0.1175, 0.0975, 0.07, 0.0575, 0.0525, 0.045, 0.0675]",first,TA
KRW-PUNDIX,2021-10-14-00:00,2021-10-15-00:00,"[0.205, 0.1175, 0.0975, 0.075, 0.0875, 0.09, 0.0825, 0.075, 0.0975, 0.0725]",second,TA
KRW-PUNDIX,2021-10-13-00:00,2021-10-14-00:00,"[0.31, 0.175, 0.1225, 0.0925, 0.0675, 0.045, 0.0625, 0.045, 0.08]",first,TA
KRW-PUNDIX,2021-10-13-00:00,2021-10-14-00:00,"[0.1775, 0.12, 0.14, 0.075, 0.0575, 0.0925, 0.09, 0.0825, 0.0775, 0.0875]",second,TA
KRW-PUNDIX,2021-10-12-00:00,2021-10-13-00:00,"[0.33, 0.1475, 0.1425, 0.0975, 0.065, 0.0725, 0.0525, 0.045, 0.0475]",first,TA
KRW-PUNDIX,2021-10-12-00:00,2021-10-13-00:00,"[0.155, 0.105, 0.115, 0.0925, 0.08, 0.07, 0.1075, 0.095, 0.1025, 0.0775]",second,TA
KRW-PUNDIX,2021-10-11-00:00,2021-10-12-00:00,"[0.26, 0.23, 0.1375, 0.1225, 0.065, 0.0575, 0.0425, 0.0425, 0.0425]",first,TA
KRW-PUNDIX,2021-10-11-00:00,2021-10-12-00:00,"[0.145, 0.115, 0.0875, 0.08, 0.1275, 0.0975, 0.065, 0.0725, 0.1125, 0.0975]",second,TA
KRW-PUNDIX,2021-10-10-00:00,2021-10-11-00:00,"[0.3075, 0.165, 0.165, 0.0925, 0.09, 0.05, 0.0475, 0.0325, 0.05]",first,TA
KRW-PUNDIX,2021-10-10-00:00,2021-10-11-00:00,"[0.175, 0.1275, 0.0975, 0.08, 0.0775, 0.065, 0.0725, 0.0825, 0.1175, 0.105]",second,TA
KRW-PUNDIX,2021-10-09-00:00,2021-10-10-00:00,"[0.2625, 0.2, 0.11, 0.1375, 0.0875, 0.055, 0.0525, 0.055, 0.04]",first,TA
KRW-PUNDIX,2021-10-09-00:00,2021-10-10-00:00,"[0.1475, 0.14, 0.1025, 0.0775, 0.1125, 0.095, 0.0925, 0.09, 0.0575, 0.085]",second,TA
KRW-PUNDIX,2021-10-08-00:00,2021-10-09-00:00,"[0.27, 0.1725, 0.1375, 0.1025, 0.09, 0.0625, 0.0575, 0.055, 0.0525]",first,TA
KRW-PUNDIX,2021-10-08-00:00,2021-10-09-00:00,"[0.1925, 0.1025, 0.095, 0.0775, 0.075, 0.105, 0.0675, 0.09, 0.1075, 0.0875]",second,TA
KRW-PUNDIX,2021-10-07-00:00,2021-10-08-00:00,"[0.2975, 0.18, 0.12, 0.075, 0.0725, 0.0675, 0.055, 0.0325, 0.1]",first,TA
KRW-PUNDIX,2021-10-07-00:00,2021-10-08-00:00,"[0.135, 0.115, 0.0925, 0.11, 0.06, 0.07, 0.095, 0.0725, 0.1275, 0.1225]",second,TA
KRW-PUNDIX,2021-10-06-00:00,2021-10-07-00:00,"[0.33, 0.1875, 0.1325, 0.0825, 0.085, 0.0725, 0.045, 0.04, 0.025]",first,TA
KRW-PUNDIX,2021-10-06-00:00,2021-10-07-00:00,"[0.16, 0.1275, 0.0825, 0.105, 0.0675, 0.1, 0.085, 0.09, 0.0975, 0.085]",second,TA
KRW-PUNDIX,2021-10-05-00:00,2021-10-06-00:00,"[0.4125, 0.1475, 0.1075, 0.0575, 0.07, 0.0525, 0.0675, 0.0375, 0.0475]",first,TA
KRW-PUNDIX,2021-10-05-00:00,2021-10-06-00:00,"[0.1775, 0.12, 0.0925, 0.0725, 0.1125, 0.0975, 0.105, 0.065, 0.0875, 0.07]",second,TA
KRW-PUNDIX,2021-10-04-00:00,2021-10-05-00:00,"[0.3525, 0.1975, 0.0725, 0.0775, 0.075, 0.055, 0.06, 0.0625, 0.0475]",first,TA
KRW-PUNDIX,2021-10-04-00:00,2021-10-05-00:00,"[0.2175, 0.1175, 0.0875, 0.055, 0.1, 0.095, 0.085, 0.0825, 0.0925, 0.0675]",second,TA
KRW-PUNDIX,2021-10-03-00:00,2021-10-04-00:00,"[0.36, 0.1725, 0.1075, 0.075, 0.09, 0.045, 0.0725, 0.0375, 0.04]",first,TA
KRW-PUNDIX,2021-10-03-00:00,2021-10-04-00:00,"[0.185, 0.155, 0.085, 0.08, 0.06, 0.1075, 0.0725, 0.085, 0.075, 0.095]",second,TA
KRW-PUNDIX,2021-10-02-00:00,2021-10-03-00:00,"[0.3625, 0.1875, 0.095, 0.075, 0.08, 0.0525, 0.0675, 0.0425, 0.0375]",first,TA
KRW-PUNDIX,2021-10-02-00:00,2021-10-03-00:00,"[0.25, 0.085, 0.0875, 0.095, 0.075, 0.075, 0.0725, 0.0775, 0.1, 0.0825]",second,TA
KRW-PUNDIX,2021-10-01-00:00,2021-10-02-00:00,"[0.3075, 0.1975, 0.11, 0.075, 0.07, 0.0675, 0.05, 0.075, 0.0475]",first,TA
KRW-PUNDIX,2021-10-01-00:00,2021-10-02-00:00,"[0.13, 0.1125, 0.1125, 0.135, 0.09, 0.075, 0.08, 0.105, 0.09, 0.07]",second,TA
KRW-PUNDIX,2021-09-30-00:00,2021-10-01-00:00,"[0.375, 0.1275, 0.0525, 0.0725, 0.0725, 0.0775, 0.1375, 0.055, 0.03]",first,TA
KRW-PUNDIX,2021-09-30-00:00,2021-10-01-00:00,"[0.1075, 0.1525, 0.125, 0.0975, 0.0975, 0.105, 0.06, 0.07, 0.1025, 0.0825]",second,TA
KRW-PUNDIX,2021-09-29-00:00,2021-09-30-00:00,"[0.34, 0.12, 0.1, 0.095, 0.055, 0.09, 0.115, 0.05, 0.035]",first,TA
KRW-PUNDIX,2021-09-29-00:00,2021-09-30-00:00,"[0.16, 0.1475, 0.135, 0.09, 0.0925, 0.07, 0.0825, 0.0575, 0.075, 0.09]",second,TA
KRW-PUNDIX,2021-09-28-00:00,2021-09-29-00:00,"[0.2975, 0.1525, 0.1, 0.0825, 0.0575, 0.105, 0.125, 0.0525, 0.0275]",first,TA
KRW-PUNDIX,2021-09-28-00:00,2021-09-29-00:00,"[0.145, 0.16, 0.115, 0.1175, 0.0775, 0.08, 0.0875, 0.06, 0.075, 0.0825]",second,TA
KRW-PUNDIX,2021-09-27-00:00,2021-09-28-00:00,"[0.2975, 0.1675, 0.105, 0.09, 0.045, 0.0625, 0.1375, 0.04, 0.055]",first,TA
KRW-PUNDIX,2021-09-27-00:00,2021-09-28-00:00,"[0.1175, 0.1, 0.105, 0.145, 0.085, 0.095, 0.095, 0.0875, 0.085, 0.085]",second,TA
KRW-PUNDIX,2021-09-26-00:00,2021-09-27-00:00,"[0.2675, 0.1775, 0.0925, 0.0875, 0.11, 0.07, 0.11, 0.035, 0.05]",first,TA
KRW-PUNDIX,2021-09-26-00:00,2021-09-27-00:00,"[0.1175, 0.13, 0.1, 0.13, 0.1125, 0.115, 0.065, 0.0825, 0.0675, 0.08]",second,TA
KRW-PUNDIX,2021-09-25-00:00,2021-09-26-00:00,"[0.2675, 0.1625, 0.1, 0.075, 0.065, 0.085, 0.14, 0.0625, 0.0425]",first,TA
KRW-PUNDIX,2021-09-25-00:00,2021-09-26-00:00,"[0.125, 0.125, 0.085, 0.1, 0.095, 0.09, 0.0775, 0.0775, 0.08, 0.145]",second,TA
KRW-PUNDIX,2021-09-24-00:00,2021-09-25-00:00,"[0.31, 0.1725, 0.1225, 0.105, 0.0525, 0.0375, 0.1, 0.07, 0.03]",first,TA
KRW-PUNDIX,2021-09-24-00:00,2021-09-25-00:00,"[0.0975, 0.105, 0.1175, 0.0775, 0.135, 0.1125, 0.11, 0.1, 0.06, 0.085]",second,TA
KRW-PUNDIX,2021-09-23-00:00,2021-09-24-00:00,"[0.3775, 0.14, 0.12, 0.0925, 0.055, 0.055, 0.075, 0.0525, 0.0325]",first,TA
KRW-PUNDIX,2021-09-23-00:00,2021-09-24-00:00,"[0.1075, 0.125, 0.075, 0.1, 0.125, 0.11, 0.125, 0.07, 0.0675, 0.095]",second,TA
KRW-PUNDIX,2021-09-22-00:00,2021-09-23-00:00,"[0.3725, 0.1425, 0.085, 0.08, 0.0975, 0.06, 0.0775, 0.0525, 0.0325]",first,TA
KRW-PUNDIX,2021-09-22-00:00,2021-09-23-00:00,"[0.1175, 0.1375, 0.0875, 0.0975, 0.1025, 0.1225, 0.09, 0.0875, 0.0825, 0.075]",second,TA
KRW-PUNDIX,2021-09-21-00:00,2021-09-22-00:00,"[0.3375, 0.1525, 0.115, 0.11, 0.0375, 0.0675, 0.095, 0.0475, 0.0375]",first,TA
KRW-PUNDIX,2021-09-21-00:00,2021-09-22-00:00,"[0.13, 0.1275, 0.1275, 0.0975, 0.08, 0.09, 0.115, 0.0675, 0.0975, 0.0675]",second,TA
KRW-PUNDIX,2021-09-20-00:00,2021-09-21-00:00,"[0.315, 0.22, 0.115, 0.075, 0.0675, 0.0525, 0.06, 0.0325, 0.0625]",first,TA
KRW-PUNDIX,2021-09-20-00:00,2021-09-21-00:00,"[0.1675, 0.12, 0.095, 0.07, 0.09, 0.0975, 0.0975, 0.0775, 0.09, 0.095]",second,TA
KRW-PUNDIX,2021-09-19-00:00,2021-09-20-00:00,"[0.295, 0.1775, 0.1175, 0.1, 0.075, 0.04, 0.08, 0.04, 0.075]",first,TA
KRW-PUNDIX,2021-09-19-00:00,2021-09-20-00:00,"[0.1675, 0.14, 0.09, 0.07, 0.045, 0.09, 0.1, 0.08, 0.12, 0.0975]",second,TA
KRW-PUNDIX,2021-09-18-00:00,2021-09-19-00:00,"[0.35, 0.1675, 0.0975, 0.085, 0.07, 0.04, 0.05, 0.04, 0.1]",first,TA
KRW-PUNDIX,2021-09-18-00:00,2021-09-19-00:00,"[0.1275, 0.12, 0.0925, 0.09, 0.09, 0.065, 0.1225, 0.1125, 0.08, 0.1]",second,TA
KRW-PUNDIX,2021-09-17-00:00,2021-09-18-00:00,"[0.2925, 0.175, 0.11, 0.0975, 0.0675, 0.0425, 0.05, 0.0725, 0.0925]",first,TA
KRW-PUNDIX,2021-09-17-00:00,2021-09-18-00:00,"[0.1025, 0.105, 0.08, 0.1, 0.0925, 0.1125, 0.0975, 0.12, 0.1025, 0.0875]",second,TA
KRW-PUNDIX,2021-09-16-00:00,2021-09-17-00:00,"[0.2825, 0.19, 0.1125, 0.0925, 0.055, 0.035, 0.0875, 0.0875, 0.0575]",first,TA
KRW-PUNDIX,2021-09-16-00:00,2021-09-17-00:00,"[0.1375, 0.0775, 0.0825, 0.0575, 0.1175, 0.1175, 0.085, 0.14, 0.0925, 0.0925]",second,TA
KRW-PUNDIX,2021-09-15-00:00,2021-09-16-00:00,"[0.31, 0.155, 0.125, 0.0925, 0.075, 0.0475, 0.1075, 0.0475, 0.04]",first,TA
KRW-PUNDIX,2021-09-15-00:00,2021-09-16-00:00,"[0.15, 0.0825, 0.09, 0.12, 0.1275, 0.0875, 0.09, 0.0825, 0.0825, 0.0875]",second,TA
KRW-PUNDIX,2021-09-14-00:00,2021-09-15-00:00,"[0.2925, 0.13, 0.1, 0.1025, 0.0775, 0.0725, 0.13, 0.0675, 0.0275]",first,TA
KRW-PUNDIX,2021-09-14-00:00,2021-09-15-00:00,"[0.1, 0.12, 0.1075, 0.1275, 0.095, 0.0875, 0.0975, 0.0825, 0.0675, 0.115]",second,TA
KRW-PUNDIX,2021-09-13-00:00,2021-09-14-00:00,"[0.305, 0.1625, 0.1375, 0.0525, 0.07, 0.0475, 0.1075, 0.06, 0.0575]",first,TA
KRW-PUNDIX,2021-09-13-00:00,2021-09-14-00:00,"[0.1525, 0.08, 0.075, 0.0875, 0.0925, 0.0975, 0.1, 0.095, 0.1075, 0.1125]",second,TA
KRW-PUNDIX,2021-09-12-00:00,2021-09-13-00:00,"[0.2825, 0.16, 0.115, 0.08, 0.0575, 0.0525, 0.15, 0.0625, 0.04]",first,TA
KRW-PUNDIX,2021-09-12-00:00,2021-09-13-00:00,"[0.12, 0.09, 0.0875, 0.1025, 0.1125, 0.1, 0.0975, 0.0975, 0.1025, 0.09]",second,TA
KRW-PUNDIX,2021-09-11-00:00,2021-09-12-00:00,"[0.295, 0.1625, 0.1075, 0.095, 0.0675, 0.0725, 0.09, 0.06, 0.05]",first,TA
KRW-PUNDIX,2021-09-11-00:00,2021-09-12-00:00,"[0.115, 0.1125, 0.08, 0.1, 0.095, 0.1, 0.0875, 0.1275, 0.0825, 0.1]",second,TA
KRW-PUNDIX,2021-09-10-00:00,2021-09-11-00:00,"[0.3, 0.17, 0.1125, 0.0575, 0.0975, 0.0875, 0.0825, 0.05, 0.0425]",first,TA
KRW-PUNDIX,2021-09-10-00:00,2021-09-11-00:00,"[0.115, 0.1075, 0.12, 0.1, 0.0925, 0.0925, 0.1025, 0.105, 0.095, 0.07]",second,TA
KRW-PUNDIX,2021-09-09-00:00,2021-09-10-00:00,"[0.3875, 0.145, 0.105, 0.075, 0.06, 0.0725, 0.075, 0.045, 0.035]",first,TA
KRW-PUNDIX,2021-09-09-00:00,2021-09-10-00:00,"[0.13, 0.1125, 0.1025, 0.08, 0.1225, 0.105, 0.09, 0.085, 0.085, 0.0875]",second,TA
KRW-PUNDIX,2021-09-08-00:00,2021-09-09-00:00,"[0.3825, 0.1725, 0.12, 0.085, 0.0425, 0.045, 0.0875, 0.035, 0.03]",first,TA
KRW-PUNDIX,2021-09-08-00:00,2021-09-09-00:00,"[0.1375, 0.13, 0.105, 0.1175, 0.0775, 0.0675, 0.095, 0.0875, 0.105, 0.0775]",second,TA
KRW-PUNDIX,2021-09-07-00:00,2021-09-08-00:00,"[0.3375, 0.165, 0.14, 0.085, 0.0775, 0.05, 0.05, 0.055, 0.04]",first,TA
KRW-PUNDIX,2021-09-07-00:00,2021-09-08-00:00,"[0.155, 0.125, 0.08, 0.0625, 0.1225, 0.1175, 0.0925, 0.0975, 0.06, 0.0875]",second,TA
KRW-PUNDIX,2021-09-06-00:00,2021-09-07-00:00,"[0.315, 0.155, 0.1525, 0.125, 0.0675, 0.045, 0.0475, 0.055, 0.0375]",first,TA
KRW-PUNDIX,2021-09-06-00:00,2021-09-07-00:00,"[0.1375, 0.105, 0.09, 0.0875, 0.115, 0.1, 0.0825, 0.09, 0.0875, 0.105]",second,TA
KRW-PUNDIX,2021-09-05-00:00,2021-09-06-00:00,"[0.2875, 0.195, 0.1325, 0.1275, 0.07, 0.0525, 0.0525, 0.035, 0.0475]",first,TA
KRW-PUNDIX,2021-09-05-00:00,2021-09-06-00:00,"[0.14, 0.11, 0.085, 0.0975, 0.0825, 0.1125, 0.105, 0.07, 0.0975, 0.1]",second,TA
KRW-PUNDIX,2021-09-04-00:00,2021-09-05-00:00,"[0.34, 0.165, 0.14, 0.1025, 0.0575, 0.0625, 0.0575, 0.0325, 0.0425]",first,TA
KRW-PUNDIX,2021-09-04-00:00,2021-09-05-00:00,"[0.1475, 0.11, 0.115, 0.075, 0.0925, 0.1425, 0.0825, 0.085, 0.065, 0.085]",second,TA
KRW-PUNDIX,2021-09-03-00:00,2021-09-04-00:00,"[0.3325, 0.175, 0.13, 0.08, 0.0875, 0.05, 0.0575, 0.0425, 0.045]",first,TA
KRW-PUNDIX,2021-09-03-00:00,2021-09-04-00:00,"[0.16, 0.11, 0.115, 0.085, 0.1175, 0.08, 0.0775, 0.0725, 0.075, 0.1075]",second,TA
KRW-PUNDIX,2021-09-02-00:00,2021-09-03-00:00,"[0.325, 0.1875, 0.0825, 0.11, 0.1025, 0.0525, 0.06, 0.0525, 0.0275]",first,TA
KRW-PUNDIX,2021-09-02-00:00,2021-09-03-00:00,"[0.1475, 0.11, 0.1275, 0.11, 0.1225, 0.0825, 0.0575, 0.075, 0.1075, 0.06]",second,TA
KRW-PUNDIX,2021-09-01-00:00,2021-09-02-00:00,"[0.3125, 0.19, 0.1325, 0.1175, 0.08, 0.06, 0.05, 0.02, 0.0375]",first,TA
KRW-PUNDIX,2021-09-01-00:00,2021-09-02-00:00,"[0.1525, 0.1375, 0.1375, 0.1325, 0.075, 0.085, 0.0525, 0.07, 0.08, 0.0775]",second,TA
KRW-PUNDIX,2021-08-31-00:00,2021-09-01-00:00,"[0.275, 0.14, 0.155, 0.165, 0.0975, 0.0425, 0.05, 0.04, 0.035]",first,TA
KRW-PUNDIX,2021-08-31-00:00,2021-09-01-00:00,"[0.155, 0.155, 0.1, 0.09, 0.1125, 0.085, 0.095, 0.0525, 0.0725, 0.0825]",second,TA
KRW-PUNDIX,2021-08-30-00:00,2021-08-31-00:00,"[0.2975, 0.175, 0.1, 0.1825, 0.0825, 0.0525, 0.0425, 0.035, 0.0325]",first,TA
KRW-PUNDIX,2021-08-30-00:00,2021-08-31-00:00,"[0.1575, 0.115, 0.1275, 0.115, 0.1375, 0.0825, 0.0675, 0.0675, 0.0675, 0.0625]",second,TA
KRW-PUNDIX,2021-08-29-00:00,2021-08-30-00:00,"[0.3375, 0.165, 0.115, 0.1425, 0.1025, 0.04, 0.0375, 0.0275, 0.0325]",first,TA
KRW-PUNDIX,2021-08-29-00:00,2021-08-30-00:00,"[0.16, 0.105, 0.105, 0.1125, 0.11, 0.0975, 0.0825, 0.0925, 0.08, 0.055]",second,TA
KRW-PUNDIX,2021-08-28-00:00,2021-08-29-00:00,"[0.3625, 0.1375, 0.1225, 0.1375, 0.0575, 0.05, 0.045, 0.045, 0.0425]",first,TA
KRW-PUNDIX,2021-08-28-00:00,2021-08-29-00:00,"[0.1425, 0.1, 0.115, 0.0925, 0.105, 0.115, 0.085, 0.1075, 0.0675, 0.07]",second,TA
KRW-PUNDIX,2021-08-27-00:00,2021-08-28-00:00,"[0.305, 0.15, 0.1325, 0.1575, 0.0675, 0.045, 0.055, 0.035, 0.0525]",first,TA
KRW-PUNDIX,2021-08-27-00:00,2021-08-28-00:00,"[0.135, 0.1425, 0.0825, 0.1425, 0.1075, 0.085, 0.1075, 0.065, 0.065, 0.0675]",second,TA
KRW-PUNDIX,2021-08-26-00:00,2021-08-27-00:00,"[0.31, 0.18, 0.12, 0.115, 0.0925, 0.0575, 0.0625, 0.035, 0.0275]",first,TA
KRW-PUNDIX,2021-08-26-00:00,2021-08-27-00:00,"[0.1425, 0.0925, 0.1075, 0.0925, 0.1225, 0.1, 0.095, 0.0775, 0.0775, 0.0925]",second,TA
KRW-PUNDIX,2021-08-25-00:00,2021-08-26-00:00,"[0.29, 0.1775, 0.14, 0.1225, 0.0825, 0.045, 0.045, 0.0525, 0.045]",first,TA
KRW-PUNDIX,2021-08-25-00:00,2021-08-26-00:00,"[0.15, 0.115, 0.0925, 0.0925, 0.1175, 0.0975, 0.0925, 0.065, 0.0875, 0.09]",second,TA
KRW-PUNDIX,2021-08-24-00:00,2021-08-25-00:00,"[0.2875, 0.2125, 0.1225, 0.1175, 0.08, 0.065, 0.0525, 0.025, 0.0375]",first,TA
KRW-PUNDIX,2021-08-24-00:00,2021-08-25-00:00,"[0.16, 0.1175, 0.0725, 0.1025, 0.0975, 0.1, 0.0725, 0.11, 0.08, 0.0875]",second,TA
KRW-PUNDIX,2021-08-23-00:00,2021-08-24-00:00,"[0.2975, 0.18, 0.0975, 0.185, 0.08, 0.0425, 0.0325, 0.05, 0.035]",first,TA
KRW-PUNDIX,2021-08-23-00:00,2021-08-24-00:00,"[0.1075, 0.1125, 0.0875, 0.155, 0.1225, 0.07, 0.075, 0.0975, 0.0725, 0.1]",second,TA
KRW-PUNDIX,2021-08-22-00:00,2021-08-23-00:00,"[0.28, 0.19, 0.11, 0.1425, 0.1075, 0.0525, 0.05, 0.045, 0.0225]",first,TA
KRW-PUNDIX,2021-08-22-00:00,2021-08-23-00:00,"[0.1425, 0.1175, 0.095, 0.1025, 0.1075, 0.0825, 0.095, 0.06, 0.085, 0.1125]",second,TA
KRW-PUNDIX,2021-08-21-00:00,2021-08-22-00:00,"[0.3025, 0.1825, 0.1175, 0.1625, 0.07, 0.04, 0.0525, 0.04, 0.0325]",first,TA
KRW-PUNDIX,2021-08-21-00:00,2021-08-22-00:00,"[0.1725, 0.105, 0.1675, 0.0825, 0.0675, 0.09, 0.0775, 0.08, 0.0625, 0.095]",second,TA
KRW-PUNDIX,2021-08-20-00:00,2021-08-21-00:00,"[0.28, 0.1675, 0.125, 0.2025, 0.08, 0.035, 0.04, 0.04, 0.03]",first,TA
KRW-PUNDIX,2021-08-20-00:00,2021-08-21-00:00,"[0.165, 0.12, 0.1625, 0.0625, 0.085, 0.0875, 0.09, 0.055, 0.0725, 0.1]",second,TA
KRW-PUNDIX,2021-08-19-00:00,2021-08-20-00:00,"[0.3, 0.15, 0.15, 0.1475, 0.0925, 0.0175, 0.0625, 0.0325, 0.0475]",first,TA
KRW-PUNDIX,2021-08-19-00:00,2021-08-20-00:00,"[0.1825, 0.13, 0.0875, 0.0825, 0.07, 0.07, 0.0825, 0.1125, 0.085, 0.0975]",second,TA
KRW-PUNDIX,2021-08-18-00:00,2021-08-19-00:00,"[0.3475, 0.1625, 0.1175, 0.1625, 0.0625, 0.025, 0.0425, 0.035, 0.045]",first,TA
KRW-PUNDIX,2021-08-18-00:00,2021-08-19-00:00,"[0.135, 0.135, 0.1075, 0.0875, 0.095, 0.1, 0.0975, 0.0725, 0.075, 0.095]",second,TA
KRW-PUNDIX,2021-08-17-00:00,2021-08-18-00:00,"[0.3, 0.2, 0.1475, 0.0775, 0.085, 0.055, 0.0425, 0.03, 0.0625]",first,TA
KRW-PUNDIX,2021-08-17-00:00,2021-08-18-00:00,"[0.1425, 0.1325, 0.11, 0.085, 0.0625, 0.12, 0.0925, 0.065, 0.0625, 0.1275]",second,TA
KRW-PUNDIX,2021-08-16-00:00,2021-08-17-00:00,"[0.3025, 0.19, 0.125, 0.09, 0.0675, 0.0675, 0.055, 0.04, 0.0625]",first,TA
KRW-PUNDIX,2021-08-16-00:00,2021-08-17-00:00,"[0.1625, 0.1025, 0.0925, 0.1125, 0.085, 0.1175, 0.0775, 0.04, 0.08, 0.13]",second,TA
KRW-PUNDIX,2021-08-15-00:00,2021-08-16-00:00,"[0.3675, 0.1925, 0.0975, 0.08, 0.0575, 0.0825, 0.04, 0.0375, 0.045]",first,TA
KRW-PUNDIX,2021-08-15-00:00,2021-08-16-00:00,"[0.1625, 0.1075, 0.1075, 0.0975, 0.11, 0.0725, 0.0625, 0.095, 0.095, 0.09]",second,TA
KRW-PUNDIX,2021-08-14-00:00,2021-08-15-00:00,"[0.2775, 0.235, 0.12, 0.095, 0.07, 0.045, 0.0575, 0.045, 0.055]",first,TA
KRW-PUNDIX,2021-08-14-00:00,2021-08-15-00:00,"[0.19, 0.15, 0.1, 0.0825, 0.0875, 0.0925, 0.0675, 0.085, 0.055, 0.09]",second,TA
KRW-PUNDIX,2021-08-13-00:00,2021-08-14-00:00,"[0.3425, 0.1875, 0.105, 0.0775, 0.0775, 0.0625, 0.065, 0.0375, 0.045]",first,TA
KRW-PUNDIX,2021-08-13-00:00,2021-08-14-00:00,"[0.1825, 0.125, 0.115, 0.0975, 0.0825, 0.0725, 0.08, 0.07, 0.0625, 0.1125]",second,TA
KRW-PUNDIX,2021-08-12-00:00,2021-08-13-00:00,"[0.32, 0.1975, 0.125, 0.1175, 0.06, 0.025, 0.06, 0.04, 0.055]",first,TA
KRW-PUNDIX,2021-08-12-00:00,2021-08-13-00:00,"[0.195, 0.13, 0.1175, 0.085, 0.065, 0.075, 0.07, 0.08, 0.075, 0.1075]",second,TA
KRW-PUNDIX,2021-08-11-00:00,2021-08-12-00:00,"[0.3775, 0.165, 0.0775, 0.1025, 0.0675, 0.055, 0.0575, 0.03, 0.0675]",first,TA
KRW-PUNDIX,2021-08-11-00:00,2021-08-12-00:00,"[0.1525, 0.0925, 0.085, 0.0925, 0.1075, 0.07, 0.105, 0.09, 0.0875, 0.1175]",second,TA
KRW-PUNDIX,2021-08-10-00:00,2021-08-11-00:00,"[0.3525, 0.125, 0.1175, 0.0875, 0.105, 0.06, 0.0525, 0.0625, 0.0375]",first,TA
KRW-PUNDIX,2021-08-10-00:00,2021-08-11-00:00,"[0.1525, 0.0975, 0.1, 0.09, 0.0975, 0.0975, 0.09, 0.075, 0.115, 0.085]",second,TA
KRW-PUNDIX,2021-08-09-00:00,2021-08-10-00:00,"[0.345, 0.1625, 0.08, 0.095, 0.08, 0.0475, 0.0725, 0.0675, 0.05]",first,TA
KRW-PUNDIX,2021-08-09-00:00,2021-08-10-00:00,"[0.135, 0.095, 0.09, 0.0825, 0.0825, 0.115, 0.11, 0.085, 0.1175, 0.0875]",second,TA
KRW-PUNDIX,2021-08-08-00:00,2021-08-09-00:00,"[0.3325, 0.185, 0.1175, 0.07, 0.1, 0.05, 0.0625, 0.05, 0.0325]",first,TA
KRW-PUNDIX,2021-08-08-00:00,2021-08-09-00:00,"[0.165, 0.0975, 0.1025, 0.0925, 0.06, 0.0825, 0.09, 0.1025, 0.11, 0.0975]",second,TA
KRW-PUNDIX,2021-08-07-00:00,2021-08-08-00:00,"[0.345, 0.2125, 0.11, 0.0725, 0.0475, 0.045, 0.08, 0.035, 0.0525]",first,TA
KRW-PUNDIX,2021-08-07-00:00,2021-08-08-00:00,"[0.1175, 0.1125, 0.095, 0.0875, 0.1, 0.0925, 0.0975, 0.115, 0.095, 0.0875]",second,TA
KRW-PUNDIX,2021-08-06-00:00,2021-08-07-00:00,"[0.32, 0.2125, 0.1025, 0.0825, 0.075, 0.045, 0.0525, 0.065, 0.045]",first,TA
KRW-PUNDIX,2021-08-06-00:00,2021-08-07-00:00,"[0.16, 0.135, 0.095, 0.105, 0.1025, 0.1, 0.09, 0.07, 0.0825, 0.06]",second,TA
KRW-PUNDIX,2021-08-05-00:00,2021-08-06-00:00,"[0.36, 0.2075, 0.1025, 0.0775, 0.075, 0.045, 0.045, 0.05, 0.0375]",first,TA
KRW-PUNDIX,2021-08-05-00:00,2021-08-06-00:00,"[0.13, 0.095, 0.085, 0.12, 0.1325, 0.085, 0.0975, 0.105, 0.0875, 0.0625]",second,TA
KRW-PUNDIX,2021-08-04-00:00,2021-08-05-00:00,"[0.345, 0.205, 0.11, 0.085, 0.0525, 0.06, 0.0475, 0.055, 0.04]",first,TA
KRW-PUNDIX,2021-08-04-00:00,2021-08-05-00:00,"[0.115, 0.1475, 0.1075, 0.0825, 0.125, 0.0875, 0.0925, 0.095, 0.0925, 0.055]",second,TA
KRW-PUNDIX,2021-08-03-00:00,2021-08-04-00:00,"[0.3125, 0.2225, 0.0925, 0.095, 0.075, 0.055, 0.0575, 0.0525, 0.0375]",first,TA
KRW-PUNDIX,2021-08-03-00:00,2021-08-04-00:00,"[0.1325, 0.085, 0.0925, 0.1225, 0.0725, 0.1, 0.1425, 0.0875, 0.08, 0.085]",second,TA
KRW-PUNDIX,2021-08-02-00:00,2021-08-03-00:00,"[0.33, 0.205, 0.1125, 0.0775, 0.07, 0.0625, 0.0675, 0.03, 0.045]",first,TA
KRW-PUNDIX,2021-08-02-00:00,2021-08-03-00:00,"[0.14, 0.1125, 0.105, 0.12, 0.085, 0.0975, 0.1, 0.1025, 0.0575, 0.08]",second,TA
KRW-PUNDIX,2021-08-01-00:00,2021-08-02-00:00,"[0.3275, 0.1825, 0.13, 0.085, 0.09, 0.0425, 0.0375, 0.07, 0.035]",first,TA
KRW-PUNDIX,2021-08-01-00:00,2021-08-02-00:00,"[0.12, 0.1175, 0.1075, 0.08, 0.11, 0.1125, 0.0775, 0.105, 0.09, 0.08]",second,TA
KRW-PUNDIX,2021-07-31-00:00,2021-08-01-00:00,"[0.3475, 0.1675, 0.11, 0.0875, 0.0675, 0.07, 0.075, 0.04, 0.035]",first,TA
KRW-PUNDIX,2021-07-31-00:00,2021-08-01-00:00,"[0.1475, 0.115, 0.105, 0.07, 0.15, 0.07, 0.105, 0.0775, 0.095, 0.065]",second,TA
KRW-PUNDIX,2021-07-30-00:00,2021-07-31-00:00,"[0.35, 0.1475, 0.105, 0.09, 0.0825, 0.0525, 0.0675, 0.0525, 0.0525]",first,TA
KRW-PUNDIX,2021-07-30-00:00,2021-07-31-00:00,"[0.095, 0.1175, 0.12, 0.1125, 0.1175, 0.105, 0.1, 0.0525, 0.0925, 0.0875]",second,TA
KRW-PUNDIX,2021-07-29-00:00,2021-07-30-00:00,"[0.3975, 0.1775, 0.0875, 0.075, 0.065, 0.0575, 0.06, 0.0375, 0.0425]",first,TA
KRW-PUNDIX,2021-07-29-00:00,2021-07-30-00:00,"[0.155, 0.1075, 0.1025, 0.14, 0.0925, 0.1, 0.06, 0.0875, 0.065, 0.09]",second,TA
KRW-PUNDIX,2021-07-28-00:00,2021-07-29-00:00,"[0.4125, 0.135, 0.125, 0.06, 0.0725, 0.06, 0.04, 0.0475, 0.0475]",first,TA
KRW-PUNDIX,2021-07-28-00:00,2021-07-29-00:00,"[0.1625, 0.1475, 0.11, 0.12, 0.1025, 0.0625, 0.0675, 0.0725, 0.0475, 0.1075]",second,TA
KRW-PUNDIX,2021-07-27-00:00,2021-07-28-00:00,"[0.3875, 0.1475, 0.1075, 0.0875, 0.1025, 0.0625, 0.04, 0.0325, 0.0325]",first,TA
KRW-PUNDIX,2021-07-27-00:00,2021-07-28-00:00,"[0.195, 0.12, 0.1075, 0.085, 0.1, 0.1025, 0.1, 0.0625, 0.05, 0.0775]",second,TA
KRW-PUNDIX,2021-07-26-00:00,2021-07-27-00:00,"[0.3225, 0.185, 0.1325, 0.1075, 0.0625, 0.065, 0.0375, 0.04, 0.0475]",first,TA
KRW-PUNDIX,2021-07-26-00:00,2021-07-27-00:00,"[0.1625, 0.1, 0.09, 0.11, 0.1075, 0.09, 0.075, 0.0925, 0.09, 0.0825]",second,TA
KRW-PUNDIX,2021-07-25-00:00,2021-07-26-00:00,"[0.355, 0.2, 0.0775, 0.1, 0.1, 0.045, 0.035, 0.045, 0.0425]",first,TA
KRW-PUNDIX,2021-07-25-00:00,2021-07-26-00:00,"[0.1675, 0.125, 0.115, 0.0925, 0.11, 0.1025, 0.0825, 0.085, 0.05, 0.07]",second,TA
KRW-PUNDIX,2021-07-24-00:00,2021-07-25-00:00,"[0.3625, 0.1875, 0.0925, 0.085, 0.13, 0.0425, 0.0275, 0.055, 0.0175]",first,TA
KRW-PUNDIX,2021-07-24-00:00,2021-07-25-00:00,"[0.2075, 0.1425, 0.1025, 0.075, 0.105, 0.115, 0.065, 0.0825, 0.045, 0.06]",second,TA
KRW-PUNDIX,2021-07-23-00:00,2021-07-24-00:00,"[0.36, 0.1825, 0.105, 0.085, 0.1025, 0.0675, 0.0275, 0.0325, 0.0375]",first,TA
KRW-PUNDIX,2021-07-23-00:00,2021-07-24-00:00,"[0.175, 0.1425, 0.1025, 0.08, 0.1225, 0.11, 0.055, 0.06, 0.0775, 0.075]",second,TA
KRW-PUNDIX,2021-07-22-00:00,2021-07-23-00:00,"[0.3525, 0.17, 0.0875, 0.08, 0.1175, 0.065, 0.0475, 0.035, 0.045]",first,TA
KRW-PUNDIX,2021-07-22-00:00,2021-07-23-00:00,"[0.1825, 0.1025, 0.0925, 0.1075, 0.1125, 0.09, 0.06, 0.12, 0.065, 0.0675]",second,TA
KRW-PUNDIX,2021-07-21-00:00,2021-07-22-00:00,"[0.3275, 0.18, 0.125, 0.105, 0.1125, 0.06, 0.04, 0.02, 0.03]",first,TA
KRW-PUNDIX,2021-07-21-00:00,2021-07-22-00:00,"[0.2175, 0.095, 0.1125, 0.115, 0.1, 0.07, 0.0825, 0.055, 0.08, 0.0725]",second,TA
KRW-PUNDIX,2021-07-20-00:00,2021-07-21-00:00,"[0.365, 0.17, 0.085, 0.0975, 0.0975, 0.0575, 0.04, 0.0425, 0.045]",first,TA
KRW-PUNDIX,2021-07-20-00:00,2021-07-21-00:00,"[0.21, 0.1325, 0.13, 0.1025, 0.0925, 0.07, 0.05, 0.0575, 0.07, 0.085]",second,TA
KRW-PUNDIX,2021-07-19-00:00,2021-07-20-00:00,"[0.33, 0.1525, 0.13, 0.125, 0.0725, 0.06, 0.0475, 0.04, 0.0425]",first,TA
KRW-PUNDIX,2021-07-19-00:00,2021-07-20-00:00,"[0.1375, 0.11, 0.1375, 0.085, 0.1175, 0.08, 0.1025, 0.0575, 0.085, 0.0875]",second,TA
KRW-PUNDIX,2021-07-18-00:00,2021-07-19-00:00,"[0.3525, 0.1325, 0.15, 0.075, 0.105, 0.0525, 0.0375, 0.0425, 0.0525]",first,TA
KRW-PUNDIX,2021-07-18-00:00,2021-07-19-00:00,"[0.115, 0.105, 0.1025, 0.1225, 0.1, 0.11, 0.0775, 0.0925, 0.085, 0.09]",second,TA
KRW-PUNDIX,2021-07-17-00:00,2021-07-18-00:00,"[0.3275, 0.2025, 0.095, 0.0875, 0.065, 0.05, 0.0775, 0.055, 0.04]",first,TA
KRW-PUNDIX,2021-07-17-00:00,2021-07-18-00:00,"[0.1525, 0.115, 0.1, 0.08, 0.0975, 0.11, 0.09, 0.095, 0.065, 0.095]",second,TA
KRW-PUNDIX,2021-07-16-00:00,2021-07-17-00:00,"[0.3925, 0.15, 0.115, 0.0875, 0.1075, 0.0325, 0.0475, 0.035, 0.0325]",first,TA
KRW-PUNDIX,2021-07-16-00:00,2021-07-17-00:00,"[0.16, 0.1325, 0.1125, 0.1325, 0.1175, 0.095, 0.0575, 0.05, 0.065, 0.0775]",second,TA
KRW-PUNDIX,2021-07-15-00:00,2021-07-16-00:00,"[0.3875, 0.1775, 0.1075, 0.0625, 0.085, 0.055, 0.0525, 0.05, 0.0225]",first,TA
KRW-PUNDIX,2021-07-15-00:00,2021-07-16-00:00,"[0.165, 0.095, 0.1325, 0.08, 0.1375, 0.075, 0.0725, 0.0775, 0.095, 0.07]",second,TA
KRW-PUNDIX,2021-07-14-00:00,2021-07-15-00:00,"[0.33, 0.18, 0.0875, 0.095, 0.1175, 0.065, 0.055, 0.0425, 0.0275]",first,TA
KRW-PUNDIX,2021-07-14-00:00,2021-07-15-00:00,"[0.1825, 0.1025, 0.0975, 0.08, 0.1075, 0.095, 0.0775, 0.085, 0.0775, 0.095]",second,TA
KRW-PUNDIX,2021-07-13-00:00,2021-07-14-00:00,"[0.3225, 0.17, 0.14, 0.0975, 0.0525, 0.0575, 0.06, 0.0425, 0.0575]",first,TA
KRW-PUNDIX,2021-07-13-00:00,2021-07-14-00:00,"[0.1275, 0.12, 0.1175, 0.0875, 0.0975, 0.1275, 0.085, 0.065, 0.095, 0.0775]",second,TA
KRW-PUNDIX,2021-07-12-00:00,2021-07-13-00:00,"[0.365, 0.2075, 0.1, 0.07, 0.0625, 0.0725, 0.0575, 0.025, 0.04]",first,TA
KRW-PUNDIX,2021-07-12-00:00,2021-07-13-00:00,"[0.16, 0.0825, 0.1025, 0.1, 0.1225, 0.095, 0.09, 0.0775, 0.0775, 0.0925]",second,TA
KRW-PUNDIX,2021-07-11-00:00,2021-07-12-00:00,"[0.3725, 0.1675, 0.08, 0.0975, 0.1275, 0.05, 0.055, 0.035, 0.015]",first,TA
KRW-PUNDIX,2021-07-11-00:00,2021-07-12-00:00,"[0.1925, 0.1175, 0.1225, 0.12, 0.0875, 0.0975, 0.075, 0.0575, 0.07, 0.06]",second,TA
KRW-PUNDIX,2021-07-10-00:00,2021-07-11-00:00,"[0.3725, 0.1425, 0.11, 0.095, 0.0775, 0.0825, 0.065, 0.02, 0.035]",first,TA
KRW-PUNDIX,2021-07-10-00:00,2021-07-11-00:00,"[0.1, 0.135, 0.155, 0.0925, 0.1075, 0.1125, 0.075, 0.075, 0.0975, 0.05]",second,TA
KRW-PUNDIX,2021-07-09-00:00,2021-07-10-00:00,"[0.355, 0.1375, 0.0925, 0.0975, 0.0875, 0.0675, 0.075, 0.0425, 0.045]",first,TA
KRW-PUNDIX,2021-07-09-00:00,2021-07-10-00:00,"[0.1625, 0.11, 0.1625, 0.0925, 0.0725, 0.08, 0.0975, 0.085, 0.06, 0.0775]",second,TA
KRW-PUNDIX,2021-07-08-00:00,2021-07-09-00:00,"[0.3825, 0.17, 0.08, 0.075, 0.0825, 0.0725, 0.0625, 0.0375, 0.0375]",first,TA
KRW-PUNDIX,2021-07-08-00:00,2021-07-09-00:00,"[0.1625, 0.155, 0.085, 0.13, 0.0875, 0.105, 0.0825, 0.0775, 0.055, 0.06]",second,TA
KRW-PUNDIX,2021-07-07-00:00,2021-07-08-00:00,"[0.3825, 0.18, 0.0975, 0.0875, 0.0525, 0.0525, 0.06, 0.045, 0.0425]",first,TA
KRW-PUNDIX,2021-07-07-00:00,2021-07-08-00:00,"[0.1225, 0.13, 0.08, 0.0875, 0.12, 0.1225, 0.08, 0.0825, 0.09, 0.085]",second,TA
KRW-PUNDIX,2021-07-06-00:00,2021-07-07-00:00,"[0.385, 0.1625, 0.095, 0.08, 0.0825, 0.0575, 0.0525, 0.0375, 0.0475]",first,TA
KRW-PUNDIX,2021-07-06-00:00,2021-07-07-00:00,"[0.15, 0.1, 0.105, 0.1075, 0.1025, 0.08, 0.1125, 0.0875, 0.0625, 0.0925]",second,TA
KRW-PUNDIX,2021-07-05-00:00,2021-07-06-00:00,"[0.36, 0.125, 0.0825, 0.1025, 0.1275, 0.075, 0.0625, 0.03, 0.035]",first,TA
KRW-PUNDIX,2021-07-05-00:00,2021-07-06-00:00,"[0.16, 0.105, 0.1175, 0.1175, 0.075, 0.08, 0.0975, 0.0825, 0.075, 0.09]",second,TA
KRW-PUNDIX,2021-07-04-00:00,2021-07-05-00:00,"[0.3675, 0.14, 0.08, 0.085, 0.0825, 0.0875, 0.085, 0.025, 0.0475]",first,TA
KRW-PUNDIX,2021-07-04-00:00,2021-07-05-00:00,"[0.1675, 0.105, 0.105, 0.1, 0.095, 0.0875, 0.1, 0.0675, 0.08, 0.0925]",second,TA
KRW-PUNDIX,2021-07-03-00:00,2021-07-04-00:00,"[0.325, 0.145, 0.1125, 0.0975, 0.1, 0.105, 0.0625, 0.03, 0.0225]",first,TA
KRW-PUNDIX,2021-07-03-00:00,2021-07-04-00:00,"[0.1525, 0.14, 0.095, 0.1, 0.1075, 0.0825, 0.085, 0.0775, 0.09, 0.07]",second,TA
KRW-PUNDIX,2021-07-02-00:00,2021-07-03-00:00,"[0.34, 0.13, 0.085, 0.0925, 0.115, 0.065, 0.0675, 0.055, 0.05]",first,TA
KRW-PUNDIX,2021-07-02-00:00,2021-07-03-00:00,"[0.145, 0.13, 0.0925, 0.1275, 0.0875, 0.0925, 0.11, 0.065, 0.0675, 0.0825]",second,TA
KRW-PUNDIX,2021-07-01-00:00,2021-07-02-00:00,"[0.34, 0.1475, 0.1175, 0.085, 0.085, 0.095, 0.0525, 0.0425, 0.035]",first,TA
KRW-PUNDIX,2021-07-01-00:00,2021-07-02-00:00,"[0.1525, 0.1, 0.09, 0.1275, 0.0775, 0.0825, 0.105, 0.1075, 0.08, 0.0775]",second,TA
KRW-PUNDIX,2021-06-30-00:00,2021-07-01-00:00,"[0.2925, 0.1775, 0.1025, 0.1025, 0.0775, 0.0925, 0.08, 0.0475, 0.0275]",first,TA
KRW-PUNDIX,2021-06-30-00:00,2021-07-01-00:00,"[0.155, 0.1275, 0.1025, 0.105, 0.1075, 0.0825, 0.0775, 0.0825, 0.085, 0.075]",second,TA
KRW-PUNDIX,2021-06-29-00:00,2021-06-30-00:00,"[0.34, 0.155, 0.115, 0.075, 0.1075, 0.045, 0.0525, 0.05, 0.06]",first,TA
KRW-PUNDIX,2021-06-29-00:00,2021-06-30-00:00,"[0.19, 0.095, 0.13, 0.0975, 0.0625, 0.085, 0.0925, 0.1, 0.0675, 0.08]",second,TA
KRW-PUNDIX,2021-06-28-00:00,2021-06-29-00:00,"[0.3, 0.18, 0.115, 0.0975, 0.085, 0.04, 0.055, 0.06, 0.0675]",first,TA
KRW-PUNDIX,2021-06-28-00:00,2021-06-29-00:00,"[0.145, 0.1075, 0.09, 0.1225, 0.085, 0.1, 0.0925, 0.0925, 0.0725, 0.0925]",second,TA
KRW-PUNDIX,2021-06-27-00:00,2021-06-28-00:00,"[0.2875, 0.1425, 0.1, 0.1625, 0.08, 0.0775, 0.0525, 0.0525, 0.045]",first,TA
KRW-PUNDIX,2021-06-27-00:00,2021-06-28-00:00,"[0.125, 0.14, 0.1325, 0.1025, 0.0875, 0.1025, 0.0925, 0.0675, 0.0875, 0.0625]",second,TA
KRW-PUNDIX,2021-06-26-00:00,2021-06-27-00:00,"[0.335, 0.16, 0.09, 0.115, 0.0875, 0.05, 0.055, 0.05, 0.0575]",first,TA
KRW-PUNDIX,2021-06-26-00:00,2021-06-27-00:00,"[0.12, 0.1325, 0.115, 0.1275, 0.085, 0.09, 0.07, 0.075, 0.08, 0.105]",second,TA
KRW-PUNDIX,2021-06-25-00:00,2021-06-26-00:00,"[0.32, 0.1725, 0.085, 0.1525, 0.0925, 0.0375, 0.0575, 0.0375, 0.045]",first,TA
KRW-PUNDIX,2021-06-25-00:00,2021-06-26-00:00,"[0.1075, 0.13, 0.11, 0.115, 0.1075, 0.085, 0.065, 0.1025, 0.07, 0.1075]",second,TA
KRW-PUNDIX,2021-06-24-00:00,2021-06-25-00:00,"[0.35, 0.1325, 0.1, 0.1225, 0.085, 0.04, 0.07, 0.0575, 0.0425]",first,TA
KRW-PUNDIX,2021-06-24-00:00,2021-06-25-00:00,"[0.1175, 0.1475, 0.15, 0.085, 0.0775, 0.115, 0.095, 0.0625, 0.0675, 0.0825]",second,TA
KRW-PUNDIX,2021-06-23-00:00,2021-06-24-00:00,"[0.35, 0.14, 0.0975, 0.125, 0.0925, 0.0375, 0.0725, 0.0575, 0.0275]",first,TA
KRW-PUNDIX,2021-06-23-00:00,2021-06-24-00:00,"[0.1425, 0.125, 0.14, 0.085, 0.0775, 0.1075, 0.0925, 0.0675, 0.0875, 0.075]",second,TA
KRW-PUNDIX,2021-06-22-00:00,2021-06-23-00:00,"[0.3025, 0.1575, 0.095, 0.1225, 0.0925, 0.07, 0.0825, 0.03, 0.0475]",first,TA
KRW-PUNDIX,2021-06-22-00:00,2021-06-23-00:00,"[0.12, 0.13, 0.1075, 0.105, 0.0825, 0.0775, 0.1125, 0.1075, 0.0625, 0.095]",second,TA
KRW-PUNDIX,2021-06-21-00:00,2021-06-22-00:00,"[0.3025, 0.1825, 0.1, 0.0875, 0.085, 0.0975, 0.0675, 0.035, 0.0425]",first,TA
KRW-PUNDIX,2021-06-21-00:00,2021-06-22-00:00,"[0.125, 0.125, 0.1375, 0.1, 0.0775, 0.09, 0.1, 0.0675, 0.09, 0.0875]",second,TA
KRW-PUNDIX,2021-06-20-00:00,2021-06-21-00:00,"[0.3325, 0.1225, 0.0925, 0.065, 0.1125, 0.0775, 0.0925, 0.0625, 0.0425]",first,TA
KRW-PUNDIX,2021-06-20-00:00,2021-06-21-00:00,"[0.1, 0.1325, 0.135, 0.115, 0.0875, 0.1075, 0.065, 0.0875, 0.0625, 0.1075]",second,TA
KRW-PUNDIX,2021-06-19-00:00,2021-06-20-00:00,"[0.405, 0.105, 0.0775, 0.0875, 0.0875, 0.0775, 0.0725, 0.04, 0.0475]",first,TA
KRW-PUNDIX,2021-06-19-00:00,2021-06-20-00:00,"[0.1375, 0.135, 0.1675, 0.1125, 0.07, 0.0775, 0.095, 0.075, 0.055, 0.075]",second,TA
KRW-PUNDIX,2021-06-18-00:00,2021-06-19-00:00,"[0.3025, 0.1325, 0.13, 0.075, 0.07, 0.08, 0.1, 0.0575, 0.0525]",first,TA
KRW-PUNDIX,2021-06-18-00:00,2021-06-19-00:00,"[0.175, 0.08, 0.135, 0.0975, 0.09, 0.095, 0.08, 0.0775, 0.0625, 0.1075]",second,TA
KRW-PUNDIX,2021-06-17-00:00,2021-06-18-00:00,"[0.3475, 0.1175, 0.14, 0.0875, 0.0675, 0.0625, 0.055, 0.0775, 0.045]",first,TA
KRW-PUNDIX,2021-06-17-00:00,2021-06-18-00:00,"[0.135, 0.12, 0.0725, 0.1425, 0.1175, 0.0675, 0.075, 0.0825, 0.1, 0.0875]",second,TA
KRW-PUNDIX,2021-06-16-00:00,2021-06-17-00:00,"[0.34, 0.1575, 0.1125, 0.065, 0.0725, 0.065, 0.105, 0.0525, 0.03]",first,TA
KRW-PUNDIX,2021-06-16-00:00,2021-06-17-00:00,"[0.1675, 0.0775, 0.13, 0.1125, 0.09, 0.1175, 0.0725, 0.075, 0.0675, 0.09]",second,TA
KRW-PUNDIX,2021-06-15-00:00,2021-06-16-00:00,"[0.385, 0.145, 0.0625, 0.07, 0.075, 0.07, 0.0975, 0.0575, 0.0375]",first,TA
KRW-PUNDIX,2021-06-15-00:00,2021-06-16-00:00,"[0.18, 0.1, 0.14, 0.0775, 0.0825, 0.115, 0.08, 0.08, 0.055, 0.09]",second,TA
KRW-PUNDIX,2021-06-14-00:00,2021-06-15-00:00,"[0.355, 0.165, 0.0925, 0.0825, 0.065, 0.06, 0.0875, 0.05, 0.0425]",first,TA
KRW-PUNDIX,2021-06-14-00:00,2021-06-15-00:00,"[0.185, 0.1325, 0.1225, 0.1025, 0.095, 0.0875, 0.065, 0.0825, 0.0375, 0.09]",second,TA
KRW-PUNDIX,2021-06-13-00:00,2021-06-14-00:00,"[0.335, 0.15, 0.095, 0.09, 0.07, 0.075, 0.07, 0.08, 0.035]",first,TA
KRW-PUNDIX,2021-06-13-00:00,2021-06-14-00:00,"[0.205, 0.1075, 0.0775, 0.1025, 0.14, 0.08, 0.075, 0.0625, 0.0575, 0.0925]",second,TA
KRW-PUNDIX,2021-06-12-00:00,2021-06-13-00:00,"[0.325, 0.13, 0.1575, 0.09, 0.05, 0.0675, 0.0575, 0.08, 0.0425]",first,TA
KRW-PUNDIX,2021-06-12-00:00,2021-06-13-00:00,"[0.2075, 0.09, 0.12, 0.0625, 0.0975, 0.0875, 0.07, 0.0925, 0.095, 0.0775]",second,TA
KRW-PUNDIX,2021-06-11-00:00,2021-06-12-00:00,"[0.31, 0.1725, 0.12, 0.07, 0.0875, 0.055, 0.06, 0.05, 0.075]",first,TA
KRW-PUNDIX,2021-06-11-00:00,2021-06-12-00:00,"[0.15, 0.1175, 0.12, 0.0975, 0.07, 0.0975, 0.08, 0.0925, 0.0875, 0.0875]",second,TA
KRW-PUNDIX,2021-06-10-00:00,2021-06-11-00:00,"[0.3325, 0.15, 0.115, 0.0975, 0.0725, 0.055, 0.08, 0.065, 0.0325]",first,TA
KRW-PUNDIX,2021-06-10-00:00,2021-06-11-00:00,"[0.1325, 0.145, 0.1125, 0.1, 0.0875, 0.09, 0.0775, 0.1, 0.0775, 0.0775]",second,TA
KRW-PUNDIX,2021-06-09-00:00,2021-06-10-00:00,"[0.3425, 0.17, 0.12, 0.0725, 0.0925, 0.0425, 0.0525, 0.045, 0.0625]",first,TA
KRW-PUNDIX,2021-06-09-00:00,2021-06-10-00:00,"[0.1525, 0.135, 0.1, 0.1, 0.1, 0.1075, 0.07, 0.0975, 0.0625, 0.075]",second,TA
KRW-PUNDIX,2021-06-08-00:00,2021-06-09-00:00,"[0.285, 0.2075, 0.0875, 0.09, 0.0825, 0.0475, 0.0775, 0.0675, 0.055]",first,TA
KRW-PUNDIX,2021-06-08-00:00,2021-06-09-00:00,"[0.1225, 0.11, 0.0825, 0.1125, 0.0675, 0.115, 0.1, 0.075, 0.1125, 0.1025]",second,TA
KRW-PUNDIX,2021-06-07-00:00,2021-06-08-00:00,"[0.3975, 0.1325, 0.1125, 0.0775, 0.0675, 0.0525, 0.0375, 0.0575, 0.065]",first,TA
KRW-PUNDIX,2021-06-07-00:00,2021-06-08-00:00,"[0.19, 0.095, 0.0975, 0.1225, 0.09, 0.0825, 0.0775, 0.0775, 0.085, 0.0825]",second,TA
KRW-PUNDIX,2021-06-06-00:00,2021-06-07-00:00,"[0.3475, 0.175, 0.105, 0.0975, 0.08, 0.055, 0.0525, 0.045, 0.0425]",first,TA
KRW-PUNDIX,2021-06-06-00:00,2021-06-07-00:00,"[0.125, 0.105, 0.145, 0.1175, 0.115, 0.0725, 0.0675, 0.1025, 0.0875, 0.0625]",second,TA
KRW-PUNDIX,2021-06-05-00:00,2021-06-06-00:00,"[0.3475, 0.1625, 0.125, 0.0875, 0.0875, 0.0525, 0.0225, 0.0575, 0.0575]",first,TA
KRW-PUNDIX,2021-06-05-00:00,2021-06-06-00:00,"[0.155, 0.11, 0.09, 0.1375, 0.0675, 0.08, 0.0975, 0.08, 0.11, 0.0725]",second,TA
KRW-PUNDIX,2021-06-04-00:00,2021-06-05-00:00,"[0.2925, 0.155, 0.14, 0.115, 0.09, 0.0625, 0.0325, 0.0575, 0.055]",first,TA
KRW-PUNDIX,2021-06-04-00:00,2021-06-05-00:00,"[0.18, 0.115, 0.1, 0.095, 0.085, 0.0825, 0.1025, 0.07, 0.075, 0.095]",second,TA
KRW-PUNDIX,2021-06-03-00:00,2021-06-04-00:00,"[0.3225, 0.15, 0.1, 0.0925, 0.1475, 0.0475, 0.055, 0.0425, 0.0425]",first,TA
KRW-PUNDIX,2021-06-03-00:00,2021-06-04-00:00,"[0.2025, 0.1175, 0.08, 0.0625, 0.0825, 0.095, 0.0575, 0.0675, 0.0675, 0.1675]",second,TA
KRW-PUNDIX,2021-06-02-00:00,2021-06-03-00:00,"[0.205, 0.0925, 0.0775, 0.055, 0.4275, 0.0275, 0.0425, 0.0475, 0.025]",first,TA
KRW-PUNDIX,2021-06-02-00:00,2021-06-03-00:00,"[0.1225, 0.08, 0.05, 0.025, 0.045, 0.0575, 0.0825, 0.0475, 0.0375, 0.4525]",second,TA
KRW-PUNDIX,2021-06-01-00:00,2021-06-02-00:00,"[0.25, 0.085, 0.05, 0.0475, 0.4175, 0.05, 0.0375, 0.0275, 0.035]",first,TA
KRW-PUNDIX,2021-06-01-00:00,2021-06-02-00:00,"[0.105, 0.085, 0.0425, 0.0725, 0.0475, 0.06, 0.06, 0.0575, 0.0525, 0.4175]",second,TA
KRW-PUNDIX,2021-05-31-00:00,2021-06-01-00:00,"[0.2525, 0.1075, 0.0725, 0.05, 0.3775, 0.0325, 0.035, 0.03, 0.0425]",first,TA
KRW-PUNDIX,2021-05-31-00:00,2021-06-01-00:00,"[0.0925, 0.095, 0.0625, 0.0875, 0.0675, 0.0525, 0.0475, 0.0425, 0.06, 0.3925]",second,TA
KRW-PUNDIX,2021-05-30-00:00,2021-05-31-00:00,"[0.38, 0.1525, 0.13, 0.09, 0.055, 0.045, 0.05, 0.0475, 0.05]",first,TA
KRW-PUNDIX,2021-05-30-00:00,2021-05-31-00:00,"[0.15, 0.1225, 0.13, 0.1075, 0.0975, 0.06, 0.055, 0.08, 0.0825, 0.115]",second,TA
KRW-PUNDIX,2021-05-29-00:00,2021-05-30-00:00,"[0.295, 0.145, 0.105, 0.065, 0.2175, 0.0425, 0.055, 0.04, 0.035]",first,TA
KRW-PUNDIX,2021-05-29-00:00,2021-05-30-00:00,"[0.1375, 0.09, 0.09, 0.1025, 0.09, 0.065, 0.06, 0.065, 0.07, 0.23]",second,TA
KRW-PUNDIX,2021-05-28-00:00,2021-05-29-00:00,"[0.2525, 0.2, 0.1125, 0.0725, 0.185, 0.0725, 0.0325, 0.0225, 0.05]",first,TA
KRW-PUNDIX,2021-05-28-00:00,2021-05-29-00:00,"[0.1325, 0.0975, 0.1075, 0.105, 0.0775, 0.0775, 0.07, 0.06, 0.0775, 0.195]",second,TA
KRW-PUNDIX,2021-05-27-00:00,2021-05-28-00:00,"[0.395, 0.1625, 0.0725, 0.07, 0.115, 0.0525, 0.045, 0.045, 0.0425]",first,TA
KRW-PUNDIX,2021-05-27-00:00,2021-05-28-00:00,"[0.1525, 0.195, 0.0725, 0.08, 0.0875, 0.0775, 0.0975, 0.08, 0.065, 0.0925]",second,TA
KRW-PUNDIX,2021-05-26-00:00,2021-05-27-00:00,"[0.3575, 0.1625, 0.115, 0.09, 0.075, 0.05, 0.0575, 0.045, 0.0475]",first,TA
KRW-PUNDIX,2021-05-26-00:00,2021-05-27-00:00,"[0.1375, 0.205, 0.1075, 0.065, 0.0825, 0.09, 0.07, 0.09, 0.0675, 0.085]",second,TA
KRW-PUNDIX,2021-05-25-00:00,2021-05-26-00:00,"[0.2975, 0.195, 0.1175, 0.0925, 0.0825, 0.075, 0.035, 0.0575, 0.0475]",first,TA
KRW-PUNDIX,2021-05-25-00:00,2021-05-26-00:00,"[0.1475, 0.1125, 0.0875, 0.095, 0.085, 0.0925, 0.115, 0.075, 0.07, 0.12]",second,TA
KRW-PUNDIX,2021-05-24-00:00,2021-05-25-00:00,"[0.315, 0.1575, 0.14, 0.115, 0.07, 0.0725, 0.05, 0.0425, 0.0375]",first,TA
KRW-PUNDIX,2021-05-24-00:00,2021-05-25-00:00,"[0.115, 0.095, 0.12, 0.0925, 0.1, 0.0725, 0.1175, 0.0875, 0.1125, 0.0875]",second,TA
KRW-PUNDIX,2021-05-23-00:00,2021-05-24-00:00,"[0.36, 0.1575, 0.1125, 0.0775, 0.0725, 0.06, 0.08, 0.04, 0.04]",first,TA
KRW-PUNDIX,2021-05-23-00:00,2021-05-24-00:00,"[0.11, 0.13, 0.1325, 0.1025, 0.09, 0.0825, 0.075, 0.0875, 0.095, 0.095]",second,TA
KRW-PUNDIX,2021-05-22-00:00,2021-05-23-00:00,"[0.36, 0.1775, 0.11, 0.1225, 0.045, 0.035, 0.065, 0.0425, 0.0425]",first,TA
KRW-PUNDIX,2021-05-22-00:00,2021-05-23-00:00,"[0.135, 0.1225, 0.105, 0.075, 0.095, 0.105, 0.105, 0.0925, 0.095, 0.07]",second,TA
KRW-PUNDIX,2021-05-21-00:00,2021-05-22-00:00,"[0.2975, 0.165, 0.1225, 0.11, 0.065, 0.0825, 0.0625, 0.0525, 0.0425]",first,TA
KRW-PUNDIX,2021-05-21-00:00,2021-05-22-00:00,"[0.12, 0.1125, 0.1175, 0.1025, 0.095, 0.1425, 0.0775, 0.0875, 0.08, 0.065]",second,TA
KRW-PUNDIX,2021-05-20-00:00,2021-05-21-00:00,"[0.315, 0.2, 0.11, 0.0875, 0.065, 0.0575, 0.0625, 0.0475, 0.055]",first,TA
KRW-PUNDIX,2021-05-20-00:00,2021-05-21-00:00,"[0.1475, 0.1375, 0.0925, 0.115, 0.09, 0.075, 0.07, 0.1, 0.0925, 0.08]",second,TA
KRW-PUNDIX,2021-05-19-00:00,2021-05-20-00:00,"[0.29, 0.155, 0.0825, 0.0625, 0.19, 0.055, 0.0675, 0.0425, 0.055]",first,TA
KRW-PUNDIX,2021-05-19-00:00,2021-05-20-00:00,"[0.0975, 0.115, 0.095, 0.075, 0.1025, 0.11, 0.07, 0.075, 0.08, 0.18]",second,TA
KRW-PUNDIX,2021-05-18-00:00,2021-05-19-00:00,"[0.32, 0.18, 0.15, 0.08, 0.1025, 0.0575, 0.0375, 0.0425, 0.03]",first,TA
KRW-PUNDIX,2021-05-18-00:00,2021-05-19-00:00,"[0.1575, 0.14, 0.0875, 0.1125, 0.0875, 0.0975, 0.08, 0.0825, 0.055, 0.1]",second,TA
KRW-PUNDIX,2021-05-17-00:00,2021-05-18-00:00,"[0.3025, 0.1875, 0.1125, 0.09, 0.0875, 0.0675, 0.045, 0.0525, 0.055]",first,TA
KRW-PUNDIX,2021-05-17-00:00,2021-05-18-00:00,"[0.1175, 0.1075, 0.125, 0.1025, 0.07, 0.0925, 0.0925, 0.1, 0.115, 0.0775]",second,TA
KRW-PUNDIX,2021-05-16-00:00,2021-05-17-00:00,"[0.315, 0.165, 0.14, 0.075, 0.075, 0.0775, 0.055, 0.05, 0.0475]",first,TA
KRW-PUNDIX,2021-05-16-00:00,2021-05-17-00:00,"[0.1325, 0.14, 0.095, 0.1125, 0.0975, 0.075, 0.1, 0.0725, 0.085, 0.09]",second,TA
KRW-PUNDIX,2021-05-15-00:00,2021-05-16-00:00,"[0.3375, 0.1525, 0.135, 0.0625, 0.08, 0.0575, 0.06, 0.0475, 0.0675]",first,TA
KRW-PUNDIX,2021-05-15-00:00,2021-05-16-00:00,"[0.18, 0.135, 0.14, 0.08, 0.085, 0.0825, 0.07, 0.055, 0.055, 0.1175]",second,TA
KRW-PUNDIX,2021-05-14-00:00,2021-05-15-00:00,"[0.3, 0.1775, 0.1325, 0.08, 0.0975, 0.0575, 0.0575, 0.055, 0.0425]",first,TA
KRW-PUNDIX,2021-05-14-00:00,2021-05-15-00:00,"[0.16, 0.1025, 0.0825, 0.105, 0.0975, 0.1, 0.085, 0.115, 0.07, 0.0825]",second,TA
KRW-PUNDIX,2021-05-13-00:00,2021-05-14-00:00,"[0.375, 0.175, 0.1275, 0.07, 0.0575, 0.055, 0.0475, 0.0325, 0.06]",first,TA
KRW-PUNDIX,2021-05-13-00:00,2021-05-14-00:00,"[0.14, 0.1375, 0.1, 0.09, 0.115, 0.1075, 0.0625, 0.07, 0.0875, 0.09]",second,TA
KRW-PUNDIX,2021-05-12-00:00,2021-05-13-00:00,"[0.275, 0.215, 0.1325, 0.1075, 0.055, 0.0725, 0.0525, 0.05, 0.04]",first,TA
KRW-PUNDIX,2021-05-12-00:00,2021-05-13-00:00,"[0.155, 0.12, 0.1025, 0.0825, 0.0875, 0.12, 0.08, 0.0975, 0.075, 0.08]",second,TA
KRW-PUNDIX,2021-05-11-00:00,2021-05-12-00:00,"[0.3225, 0.22, 0.115, 0.0725, 0.0875, 0.0675, 0.05, 0.025, 0.04]",first,TA
KRW-PUNDIX,2021-05-11-00:00,2021-05-12-00:00,"[0.1175, 0.105, 0.1225, 0.1, 0.115, 0.085, 0.0975, 0.105, 0.075, 0.0775]",second,TA
KRW-PUNDIX,2021-05-10-00:00,2021-05-11-00:00,"[0.2875, 0.175, 0.135, 0.085, 0.1325, 0.0525, 0.06, 0.0475, 0.025]",first,TA
KRW-PUNDIX,2021-05-10-00:00,2021-05-11-00:00,"[0.1425, 0.12, 0.1, 0.0825, 0.075, 0.1075, 0.08, 0.085, 0.09, 0.1175]",second,TA
KRW-PUNDIX,2021-05-09-00:00,2021-05-10-00:00,"[0.305, 0.1975, 0.1325, 0.105, 0.0975, 0.0425, 0.05, 0.03, 0.04]",first,TA
KRW-PUNDIX,2021-05-09-00:00,2021-05-10-00:00,"[0.1125, 0.145, 0.085, 0.0975, 0.09, 0.085, 0.1, 0.0825, 0.105, 0.0975]",second,TA
KRW-PUNDIX,2021-05-08-00:00,2021-05-09-00:00,"[0.34, 0.1575, 0.135, 0.085, 0.0775, 0.0675, 0.05, 0.045, 0.0425]",first,TA
KRW-PUNDIX,2021-05-08-00:00,2021-05-09-00:00,"[0.125, 0.12, 0.0875, 0.095, 0.0975, 0.0925, 0.0725, 0.0975, 0.075, 0.1375]",second,TA
KRW-PUNDIX,2021-05-07-00:00,2021-05-08-00:00,"[0.3075, 0.1875, 0.12, 0.11, 0.065, 0.0825, 0.04, 0.045, 0.0425]",first,TA
KRW-PUNDIX,2021-05-07-00:00,2021-05-08-00:00,"[0.155, 0.095, 0.11, 0.1, 0.1, 0.11, 0.0775, 0.0825, 0.095, 0.075]",second,TA
KRW-PUNDIX,2021-05-06-00:00,2021-05-07-00:00,"[0.285, 0.1525, 0.15, 0.0925, 0.1075, 0.0775, 0.045, 0.0525, 0.0375]",first,TA
KRW-PUNDIX,2021-05-06-00:00,2021-05-07-00:00,"[0.095, 0.11, 0.13, 0.12, 0.095, 0.1025, 0.1025, 0.0825, 0.1025, 0.06]",second,TA
KRW-PUNDIX,2021-05-05-00:00,2021-05-06-00:00,"[0.2925, 0.175, 0.1475, 0.0825, 0.0725, 0.055, 0.065, 0.06, 0.05]",first,TA
KRW-PUNDIX,2021-05-05-00:00,2021-05-06-00:00,"[0.115, 0.145, 0.115, 0.0825, 0.105, 0.095, 0.085, 0.0725, 0.0925, 0.0925]",second,TA
KRW-PUNDIX,2021-05-04-00:00,2021-05-05-00:00,"[0.35, 0.135, 0.135, 0.085, 0.0975, 0.0525, 0.045, 0.0625, 0.0375]",first,TA
KRW-PUNDIX,2021-05-04-00:00,2021-05-05-00:00,"[0.1275, 0.115, 0.1, 0.12, 0.0975, 0.0875, 0.09, 0.08, 0.0775, 0.105]",second,TA
KRW-PUNDIX,2021-05-03-00:00,2021-05-04-00:00,"[0.3075, 0.17, 0.1125, 0.11, 0.095, 0.055, 0.0625, 0.055, 0.0325]",first,TA
KRW-PUNDIX,2021-05-03-00:00,2021-05-04-00:00,"[0.1025, 0.14, 0.1275, 0.0825, 0.1025, 0.085, 0.08, 0.105, 0.095, 0.08]",second,TA
KRW-PUNDIX,2021-05-02-00:00,2021-05-03-00:00,"[0.3125, 0.155, 0.145, 0.1325, 0.1025, 0.035, 0.0275, 0.0525, 0.0375]",first,TA
KRW-PUNDIX,2021-05-02-00:00,2021-05-03-00:00,"[0.1375, 0.1025, 0.105, 0.075, 0.09, 0.1025, 0.095, 0.09, 0.105, 0.0975]",second,TA
KRW-PUNDIX,2021-05-01-00:00,2021-05-02-00:00,"[0.365, 0.15, 0.12, 0.09, 0.0975, 0.0575, 0.045, 0.0375, 0.0375]",first,TA
KRW-PUNDIX,2021-05-01-00:00,2021-05-02-00:00,"[0.1325, 0.135, 0.1175, 0.1025, 0.06, 0.1025, 0.08, 0.09, 0.0625, 0.1175]",second,TA
KRW-PUNDIX,2021-04-30-00:00,2021-05-01-00:00,"[0.355, 0.1475, 0.11, 0.085, 0.09, 0.055, 0.05, 0.0425, 0.065]",first,TA
KRW-PUNDIX,2021-04-30-00:00,2021-05-01-00:00,"[0.1275, 0.1325, 0.0925, 0.0825, 0.1025, 0.1025, 0.0925, 0.08, 0.08, 0.1075]",second,TA
KRW-PUNDIX,2021-04-29-00:00,2021-04-30-00:00,"[0.3125, 0.17, 0.135, 0.0925, 0.0725, 0.0625, 0.0675, 0.05, 0.0375]",first,TA
KRW-PUNDIX,2021-04-29-00:00,2021-04-30-00:00,"[0.1175, 0.1275, 0.1, 0.1125, 0.1275, 0.0925, 0.0675, 0.0875, 0.09, 0.0775]",second,TA
KRW-PUNDIX,2021-04-28-00:00,2021-04-29-00:00,"[0.2975, 0.1525, 0.1225, 0.0975, 0.1, 0.0725, 0.0725, 0.0375, 0.0475]",first,TA
KRW-PUNDIX,2021-04-28-00:00,2021-04-29-00:00,"[0.12, 0.08, 0.095, 0.12, 0.0875, 0.105, 0.1, 0.095, 0.115, 0.0825]",second,TA
KRW-PUNDIX,2021-04-27-00:00,2021-04-28-00:00,"[0.315, 0.2, 0.1, 0.08, 0.0725, 0.07, 0.0425, 0.0525, 0.0675]",first,TA
KRW-PUNDIX,2021-04-27-00:00,2021-04-28-00:00,"[0.1275, 0.1375, 0.1025, 0.0925, 0.1025, 0.0925, 0.0925, 0.0975, 0.075, 0.08]",second,TA
KRW-PUNDIX,2021-04-26-00:00,2021-04-27-00:00,"[0.3575, 0.1675, 0.12, 0.0925, 0.075, 0.0475, 0.0675, 0.04, 0.0325]",first,TA
KRW-PUNDIX,2021-04-26-00:00,2021-04-27-00:00,"[0.1375, 0.1425, 0.105, 0.0725, 0.0775, 0.1025, 0.085, 0.0675, 0.0925, 0.1175]",second,TA
KRW-PUNDIX,2021-04-25-00:00,2021-04-26-00:00,"[0.3125, 0.1575, 0.1275, 0.1025, 0.0525, 0.065, 0.085, 0.05, 0.0475]",first,TA
KRW-PUNDIX,2021-04-25-00:00,2021-04-26-00:00,"[0.1375, 0.09, 0.1, 0.1075, 0.0925, 0.1125, 0.0775, 0.1, 0.0975, 0.085]",second,TA
KRW-PUNDIX,2021-04-24-00:00,2021-04-25-00:00,"[0.305, 0.1775, 0.115, 0.0975, 0.085, 0.0825, 0.0575, 0.0375, 0.0425]",first,TA
KRW-PUNDIX,2021-04-24-00:00,2021-04-25-00:00,"[0.1275, 0.115, 0.1175, 0.105, 0.1175, 0.075, 0.0875, 0.0775, 0.0875, 0.09]",second,TA
KRW-PUNDIX,2021-04-23-00:00,2021-04-24-00:00,"[0.3325, 0.2075, 0.115, 0.0825, 0.065, 0.055, 0.06, 0.0375, 0.045]",first,TA
KRW-PUNDIX,2021-04-23-00:00,2021-04-24-00:00,"[0.13, 0.135, 0.1225, 0.0875, 0.085, 0.095, 0.08, 0.0975, 0.075, 0.0925]",second,TA
KRW-PUNDIX,2021-04-22-00:00,2021-04-23-00:00,"[0.3275, 0.1925, 0.1325, 0.105, 0.05, 0.0525, 0.0475, 0.0475, 0.045]",first,TA
KRW-PUNDIX,2021-04-22-00:00,2021-04-23-00:00,"[0.1125, 0.1425, 0.115, 0.12, 0.07, 0.085, 0.07, 0.09, 0.0725, 0.1225]",second,TA
KRW-PUNDIX,2021-04-21-00:00,2021-04-22-00:00,"[0.36, 0.215, 0.0825, 0.085, 0.08, 0.05, 0.06, 0.0375, 0.03]",first,TA
KRW-PUNDIX,2021-04-21-00:00,2021-04-22-00:00,"[0.1125, 0.1375, 0.1175, 0.1175, 0.0875, 0.09, 0.0925, 0.0925, 0.0775, 0.075]",second,TA
KRW-PUNDIX,2021-04-20-00:00,2021-04-21-00:00,"[0.285, 0.2, 0.135, 0.0875, 0.1075, 0.0825, 0.035, 0.025, 0.0425]",first,TA
KRW-PUNDIX,2021-04-20-00:00,2021-04-21-00:00,"[0.1275, 0.1275, 0.105, 0.1125, 0.095, 0.0975, 0.0925, 0.0825, 0.0825, 0.0775]",second,TA
KRW-PUNDIX,2021-04-19-00:00,2021-04-20-00:00,"[0.2875, 0.15, 0.1225, 0.09, 0.105, 0.0675, 0.0575, 0.06, 0.06]",first,TA
KRW-PUNDIX,2021-04-19-00:00,2021-04-20-00:00,"[0.1025, 0.1275, 0.145, 0.115, 0.0975, 0.0825, 0.0625, 0.0825, 0.095, 0.09]",second,TA
KRW-PUNDIX,2021-04-18-00:00,2021-04-19-00:00,"[0.32, 0.145, 0.125, 0.0925, 0.075, 0.08, 0.055, 0.065, 0.0425]",first,TA
KRW-PUNDIX,2021-04-18-00:00,2021-04-19-00:00,"[0.11, 0.09, 0.1075, 0.14, 0.1025, 0.1225, 0.0925, 0.115, 0.0575, 0.0625]",second,TA
KRW-PUNDIX,2021-04-17-00:00,2021-04-18-00:00,"[0.3475, 0.155, 0.105, 0.095, 0.0775, 0.0575, 0.0575, 0.07, 0.035]",first,TA
KRW-PUNDIX,2021-04-17-00:00,2021-04-18-00:00,"[0.1075, 0.1175, 0.1075, 0.0875, 0.1125, 0.13, 0.045, 0.085, 0.1075, 0.1]",second,TA
KRW-PUNDIX,2021-04-16-00:00,2021-04-17-00:00,"[0.3, 0.1775, 0.1425, 0.0775, 0.0825, 0.0575, 0.065, 0.05, 0.0475]",first,TA
KRW-PUNDIX,2021-04-16-00:00,2021-04-17-00:00,"[0.1075, 0.125, 0.0925, 0.1125, 0.0925, 0.0975, 0.105, 0.07, 0.0975, 0.1]",second,TA
KRW-PUNDIX,2021-04-15-00:00,2021-04-16-00:00,"[0.3025, 0.1525, 0.1175, 0.1, 0.0675, 0.0725, 0.06, 0.0675, 0.06]",first,TA
KRW-PUNDIX,2021-04-15-00:00,2021-04-16-00:00,"[0.125, 0.13, 0.115, 0.105, 0.0925, 0.085, 0.085, 0.09, 0.0825, 0.09]",second,TA
KRW-PUNDIX,2021-04-14-00:00,2021-04-15-00:00,"[0.3, 0.13, 0.1075, 0.1225, 0.085, 0.0625, 0.085, 0.0625, 0.045]",first,TA
KRW-PUNDIX,2021-04-14-00:00,2021-04-15-00:00,"[0.155, 0.115, 0.1225, 0.135, 0.0725, 0.0975, 0.0825, 0.0725, 0.0725, 0.075]",second,TA
KRW-PUNDIX,2021-04-13-00:00,2021-04-14-00:00,"[0.3125, 0.1775, 0.1, 0.1125, 0.09, 0.0725, 0.03, 0.045, 0.06]",first,TA
KRW-PUNDIX,2021-04-13-00:00,2021-04-14-00:00,"[0.13, 0.11, 0.11, 0.12, 0.09, 0.1, 0.095, 0.09, 0.08, 0.075]",second,TA
KRW-PUNDIX,2021-04-12-00:00,2021-04-13-00:00,"[0.2975, 0.19, 0.1275, 0.095, 0.0925, 0.0525, 0.045, 0.0475, 0.0525]",first,TA
KRW-PUNDIX,2021-04-12-00:00,2021-04-13-00:00,"[0.095, 0.1225, 0.12, 0.095, 0.13, 0.0875, 0.085, 0.095, 0.0875, 0.0825]",second,TA
KRW-PUNDIX,2021-04-11-00:00,2021-04-12-00:00,"[0.31, 0.1825, 0.13, 0.1075, 0.0725, 0.0625, 0.0625, 0.045, 0.0275]",first,TA
KRW-PUNDIX,2021-04-11-00:00,2021-04-12-00:00,"[0.1225, 0.1225, 0.135, 0.0925, 0.115, 0.0775, 0.0825, 0.1, 0.0725, 0.08]",second,TA
KRW-PUNDIX,2021-04-10-00:00,2021-04-11-00:00,"[0.36, 0.15, 0.1425, 0.0675, 0.0625, 0.0675, 0.05, 0.0575, 0.0425]",first,TA
KRW-PUNDIX,2021-04-10-00:00,2021-04-11-00:00,"[0.1025, 0.15, 0.11, 0.1125, 0.075, 0.105, 0.07, 0.11, 0.0775, 0.0875]",second,TA
KRW-PUNDIX,2021-04-09-00:00,2021-04-10-00:00,"[0.3225, 0.205, 0.1425, 0.065, 0.0975, 0.045, 0.03, 0.04, 0.0525]",first,TA
KRW-PUNDIX,2021-04-09-00:00,2021-04-10-00:00,"[0.1175, 0.1275, 0.135, 0.1, 0.0825, 0.105, 0.08, 0.105, 0.08, 0.0675]",second,TA
KRW-PUNDIX,2021-04-08-00:00,2021-04-09-00:00,"[0.32, 0.1975, 0.12, 0.055, 0.0825, 0.0775, 0.0575, 0.0525, 0.0375]",first,TA
KRW-PUNDIX,2021-04-08-00:00,2021-04-09-00:00,"[0.1325, 0.08, 0.0975, 0.105, 0.13, 0.085, 0.07, 0.11, 0.0825, 0.1075]",second,TA
KRW-PUNDIX,2021-04-07-00:00,2021-04-08-00:00,"[0.305, 0.1925, 0.13, 0.085, 0.0525, 0.08, 0.055, 0.0425, 0.0575]",first,TA
KRW-PUNDIX,2021-04-07-00:00,2021-04-08-00:00,"[0.1175, 0.12, 0.13, 0.115, 0.0925, 0.0975, 0.0675, 0.1075, 0.0775, 0.075]",second,TA
KRW-PUNDIX,2021-04-06-00:00,2021-04-07-00:00,"[0.2925, 0.175, 0.1225, 0.105, 0.0775, 0.075, 0.0525, 0.035, 0.065]",first,TA
KRW-PUNDIX,2021-04-06-00:00,2021-04-07-00:00,"[0.1225, 0.1175, 0.115, 0.11, 0.09, 0.13, 0.1, 0.07, 0.08, 0.065]",second,TA
KRW-PUNDIX,2021-04-05-00:00,2021-04-06-00:00,"[0.35, 0.185, 0.105, 0.08, 0.065, 0.0625, 0.0375, 0.06, 0.055]",first,TA
KRW-PUNDIX,2021-04-05-00:00,2021-04-06-00:00,"[0.115, 0.1375, 0.1075, 0.09, 0.115, 0.085, 0.095, 0.0725, 0.1, 0.0825]",second,TA
KRW-PUNDIX,2021-04-04-00:00,2021-04-05-00:00,"[0.325, 0.17, 0.115, 0.1, 0.075, 0.075, 0.0475, 0.055, 0.0375]",first,TA
KRW-PUNDIX,2021-04-04-00:00,2021-04-05-00:00,"[0.1225, 0.1375, 0.0925, 0.1025, 0.08, 0.105, 0.0825, 0.0725, 0.1075, 0.0975]",second,TA
KRW-PUNDIX,2021-04-03-00:00,2021-04-04-00:00,"[0.28, 0.165, 0.1375, 0.0975, 0.0725, 0.0825, 0.0525, 0.0675, 0.045]",first,TA
KRW-PUNDIX,2021-04-03-00:00,2021-04-04-00:00,"[0.115, 0.115, 0.0925, 0.11, 0.115, 0.085, 0.12, 0.085, 0.0825, 0.08]",second,TA
KRW-PUNDIX,2021-04-02-00:00,2021-04-03-00:00,"[0.3025, 0.1625, 0.14, 0.1, 0.095, 0.055, 0.0525, 0.0475, 0.045]",first,TA
KRW-PUNDIX,2021-04-02-00:00,2021-04-03-00:00,"[0.11, 0.105, 0.105, 0.1125, 0.1175, 0.1, 0.0925, 0.0875, 0.0925, 0.0775]",second,TA
