symbol,start_date,end_date,digit_type,mad,target
KRW-AVAIL,2025-01-22-00:00,2025-01-23-00:00,first,0.020909451359870865,TA
KRW-AVAIL,2025-01-22-00:00,2025-01-23-00:00,second,0.03419876382289348,TA
KRW-AVAIL,2025-01-21-00:00,2025-01-22-00:00,first,0.030471389937702757,TA
KRW-AVAIL,2025-01-21-00:00,2025-01-22-00:00,second,0.030219583896991344,TA
KRW-AVAIL,2025-01-20-00:00,2025-01-21-00:00,first,0.02034028171727085,TA
KRW-AVAIL,2025-01-20-00:00,2025-01-21-00:00,second,0.027553751963552104,TA
KRW-AVAIL,2025-01-19-00:00,2025-01-20-00:00,first,0.019725716476606762,TA
KRW-AVAIL,2025-01-19-00:00,2025-01-20-00:00,second,0.026304790554323644,TA
KRW-AVAIL,2025-01-18-00:00,2025-01-19-00:00,first,0.015653335260452803,TA
KRW-AVAIL,2025-01-18-00:00,2025-01-19-00:00,second,0.02606467586908536,TA
KRW-AVAIL,2025-01-17-00:00,2025-01-18-00:00,first,0.0211952767289639,TA
KRW-AVAIL,2025-01-17-00:00,2025-01-18-00:00,second,0.02598026729939243,TA
KRW-AVAIL,2025-01-16-00:00,2025-01-17-00:00,first,0.02008416561785279,TA
KRW-AVAIL,2025-01-16-00:00,2025-01-17-00:00,second,0.026238735614467844,TA
KRW-AVAIL,2025-01-15-00:00,2025-01-16-00:00,first,0.018986668593786133,TA
KRW-AVAIL,2025-01-15-00:00,2025-01-16-00:00,second,0.01812311265360534,TA
KRW-AVAIL,2025-01-14-00:00,2025-01-15-00:00,first,0.007442937564760974,TA
KRW-AVAIL,2025-01-14-00:00,2025-01-15-00:00,second,0.015918626845876548,TA
KRW-AVAIL,2025-01-13-00:00,2025-01-14-00:00,first,0.0051719504815652744,TA
KRW-AVAIL,2025-01-13-00:00,2025-01-14-00:00,second,0.014275731282040821,TA
KRW-AVAIL,2025-01-12-00:00,2025-01-13-00:00,first,0.0165104025134905,TA
KRW-AVAIL,2025-01-12-00:00,2025-01-13-00:00,second,0.025198763822893495,TA
KRW-AVAIL,2025-01-11-00:00,2025-01-12-00:00,first,0.01826278180252499,TA
KRW-AVAIL,2025-01-11-00:00,2025-01-12-00:00,second,0.032286655187574086,TA
KRW-AVAIL,2025-01-10-00:00,2025-01-11-00:00,first,0.015062378948017941,TA
KRW-AVAIL,2025-01-10-00:00,2025-01-11-00:00,second,0.032772644471801816,TA
KRW-AVAIL,2025-01-09-00:00,2025-01-10-00:00,first,0.03310444540800418,TA
KRW-AVAIL,2025-01-09-00:00,2025-01-10-00:00,second,0.024863316662429004,TA
KRW-AVAIL,2025-01-08-00:00,2025-01-09-00:00,first,0.016024873251913666,TA
KRW-AVAIL,2025-01-08-00:00,2025-01-09-00:00,second,0.02051143148093917,TA
KRW-AVAIL,2025-01-07-00:00,2025-01-08-00:00,first,0.01952861006229724,TA
KRW-AVAIL,2025-01-07-00:00,2025-01-08-00:00,second,0.02212542891137649,TA
KRW-AVAIL,2025-01-06-00:00,2025-01-07-00:00,first,0.011138339285200024,TA
KRW-AVAIL,2025-01-06-00:00,2025-01-07-00:00,second,0.02956467586908537,TA
KRW-AVAIL,2025-01-05-00:00,2025-01-06-00:00,first,0.019365720330845708,TA
KRW-AVAIL,2025-01-05-00:00,2025-01-06-00:00,second,0.03572922870862088,TA
KRW-AVAIL,2025-01-04-00:00,2025-01-05-00:00,first,0.024154999829491722,TA
KRW-AVAIL,2025-01-04-00:00,2025-01-05-00:00,second,0.04390328845400336,TA
KRW-AVAIL,2025-01-03-00:00,2025-01-04-00:00,first,0.014229170606159743,TA
KRW-AVAIL,2025-01-03-00:00,2025-01-04-00:00,second,0.021715217992848607,TA
KRW-AVAIL,2025-01-02-00:00,2025-01-03-00:00,first,0.024201942432070838,TA
KRW-AVAIL,2025-01-02-00:00,2025-01-03-00:00,second,0.03068475310712121,TA
KRW-AVAIL,2025-01-01-00:00,2025-01-02-00:00,first,0.01645139282838197,TA
KRW-AVAIL,2025-01-01-00:00,2025-01-02-00:00,second,0.012521825798010889,TA
KRW-AVAIL,2024-12-31-00:00,2025-01-01-00:00,first,0.02645139282838196,TA
KRW-AVAIL,2024-12-31-00:00,2025-01-01-00:00,second,0.022379990749364743,TA
KRW-AVAIL,2024-12-30-00:00,2024-12-31-00:00,first,0.01732000192711947,TA
KRW-AVAIL,2024-12-30-00:00,2024-12-31-00:00,second,0.02355503105745583,TA
KRW-AVAIL,2024-12-29-00:00,2024-12-30-00:00,first,0.028841946286309778,TA
KRW-AVAIL,2024-12-29-00:00,2024-12-30-00:00,second,0.02913659378091606,TA
KRW-AVAIL,2024-12-28-00:00,2024-12-29-00:00,first,0.02422917060615974,TA
KRW-AVAIL,2024-12-28-00:00,2024-12-29-00:00,second,0.019656443340280567,TA
KRW-AVAIL,2024-12-27-00:00,2024-12-28-00:00,first,0.030895837272826403,TA
KRW-AVAIL,2024-12-27-00:00,2024-12-28-00:00,second,0.021198763822893492,TA
KRW-AVAIL,2024-12-26-00:00,2024-12-27-00:00,first,0.02843111303823058,TA
KRW-AVAIL,2024-12-26-00:00,2024-12-27-00:00,second,0.023348776358195177,TA
KRW-AVAIL,2024-12-25-00:00,2024-12-26-00:00,first,0.023973054506741684,TA
KRW-AVAIL,2024-12-25-00:00,2024-12-26-00:00,second,0.03052235538647244,TA
KRW-AVAIL,2024-12-24-00:00,2024-12-25-00:00,first,0.026390836138758405,TA
KRW-AVAIL,2024-12-24-00:00,2024-12-25-00:00,second,0.024436667722875775,TA
KRW-AVAIL,2024-12-23-00:00,2024-12-24-00:00,first,0.0197928987445057,TA
KRW-AVAIL,2024-12-23-00:00,2024-12-24-00:00,second,0.02196492890751924,TA
KRW-AVAIL,2024-12-22-00:00,2024-12-23-00:00,first,0.029542224149341694,TA
KRW-AVAIL,2024-12-22-00:00,2024-12-23-00:00,second,0.022229448625601507,TA
KRW-AVAIL,2024-12-21-00:00,2024-12-22-00:00,first,0.02243956830185157,TA
KRW-AVAIL,2024-12-21-00:00,2024-12-22-00:00,second,0.016514608291634418,TA
KRW-AVAIL,2024-12-20-00:00,2024-12-21-00:00,first,0.012437496060506916,TA
KRW-AVAIL,2024-12-20-00:00,2024-12-21-00:00,second,0.027184753107121217,TA
KRW-AVAIL,2024-12-19-00:00,2024-12-20-00:00,first,0.01795765085918317,TA
KRW-AVAIL,2024-12-19-00:00,2024-12-20-00:00,second,0.03819876382289348,TA
KRW-AVAIL,2024-12-18-00:00,2024-12-19-00:00,first,0.022020562470981976,TA
KRW-AVAIL,2024-12-18-00:00,2024-12-19-00:00,second,0.024327558670500717,TA
KRW-AVAIL,2024-12-17-00:00,2024-12-18-00:00,first,0.0161871041461735,TA
KRW-AVAIL,2024-12-17-00:00,2024-12-18-00:00,second,0.024502505827107945,TA
KRW-AVAIL,2024-12-16-00:00,2024-12-17-00:00,first,0.020070551530808337,TA
KRW-AVAIL,2024-12-16-00:00,2024-12-17-00:00,second,0.021167588255105008,TA
KRW-AVAIL,2024-12-15-00:00,2024-12-16-00:00,first,0.030917623942661263,TA
KRW-AVAIL,2024-12-15-00:00,2024-12-16-00:00,second,0.02472922870862088,TA
KRW-AVAIL,2024-12-14-00:00,2024-12-15-00:00,first,0.01830817740058907,TA
KRW-AVAIL,2024-12-14-00:00,2024-12-15-00:00,second,0.015952728085019626,TA
KRW-AVAIL,2024-12-13-00:00,2024-12-14-00:00,first,0.021085955178366846,TA
KRW-AVAIL,2024-12-13-00:00,2024-12-14-00:00,second,0.01973074876653091,TA
KRW-AVAIL,2024-12-12-00:00,2024-12-13-00:00,first,0.023564293500007133,TA
KRW-AVAIL,2024-12-12-00:00,2024-12-13-00:00,second,0.020932637561648832,TA
KRW-AVAIL,2024-12-11-00:00,2024-12-12-00:00,first,0.01980651283155015,TA
KRW-AVAIL,2024-12-11-00:00,2024-12-12-00:00,second,0.013225014734058215,TA
KRW-AVAIL,2024-12-10-00:00,2024-12-11-00:00,first,0.023716938407323616,TA
KRW-AVAIL,2024-12-10-00:00,2024-12-11-00:00,second,0.0091946798572148,TA
KRW-AVAIL,2024-12-09-00:00,2024-12-10-00:00,first,0.009264321380088774,TA
KRW-AVAIL,2024-12-09-00:00,2024-12-10-00:00,second,0.018022355386472445,TA
KRW-AVAIL,2024-12-08-00:00,2024-12-09-00:00,first,0.014784726161715299,TA
KRW-AVAIL,2024-12-08-00:00,2024-12-09-00:00,second,0.01900303541556949,TA
KRW-AVAIL,2024-12-07-00:00,2024-12-08-00:00,first,0.01024457425371826,TA
KRW-AVAIL,2024-12-07-00:00,2024-12-08-00:00,second,0.013962176212770383,TA
KRW-AVAIL,2024-12-06-00:00,2024-12-07-00:00,first,0.017576118026537534,TA
KRW-AVAIL,2024-12-06-00:00,2024-12-07-00:00,second,0.02159901686132736,TA
KRW-AVAIL,2024-12-05-00:00,2024-12-06-00:00,first,0.018417498951186124,TA
KRW-AVAIL,2024-12-05-00:00,2024-12-06-00:00,second,0.020348776358195174,TA
KRW-AVAIL,2024-12-04-00:00,2024-12-05-00:00,first,0.01798487903327208,TA
KRW-AVAIL,2024-12-04-00:00,2024-12-05-00:00,second,0.01856467586908537,TA
KRW-AVAIL,2024-12-03-00:00,2024-12-04-00:00,first,0.023746238822757185,TA
KRW-AVAIL,2024-12-03-00:00,2024-12-04-00:00,second,0.02298902469979722,TA
KRW-AVAIL,2024-12-02-00:00,2024-12-03-00:00,first,0.0274747190757806,TA
KRW-AVAIL,2024-12-02-00:00,2024-12-03-00:00,second,0.019729228708620882,TA
KRW-AVAIL,2024-12-01-00:00,2024-12-02-00:00,first,0.026870398659251553,TA
KRW-AVAIL,2024-12-01-00:00,2024-12-02-00:00,second,0.029215217992848597,TA
KRW-AVAIL,2024-11-30-00:00,2024-12-01-00:00,first,0.026195276728963903,TA
KRW-AVAIL,2024-11-30-00:00,2024-12-01-00:00,second,0.024875717996705862,TA
KRW-AVAIL,2024-11-29-00:00,2024-11-30-00:00,first,0.03217527961964311,TA
KRW-AVAIL,2024-11-29-00:00,2024-11-30-00:00,second,0.026729228708620878,TA
KRW-AVAIL,2024-11-28-00:00,2024-11-29-00:00,first,0.021011784401698826,TA
KRW-AVAIL,2024-11-28-00:00,2024-11-29-00:00,second,0.027186908226007955,TA
KRW-AVAIL,2024-11-27-00:00,2024-11-28-00:00,first,0.024587619747405767,TA
KRW-AVAIL,2024-11-27-00:00,2024-11-28-00:00,second,0.024820466591354527,TA
KRW-AVAIL,2024-11-26-00:00,2024-11-27-00:00,first,0.014352106243801245,TA
KRW-AVAIL,2024-11-26-00:00,2024-11-27-00:00,second,0.02028665518757409,TA
KRW-AVAIL,2024-11-25-00:00,2024-11-26-00:00,first,0.017488333162825057,TA
KRW-AVAIL,2024-11-25-00:00,2024-11-26-00:00,second,0.01965591375181901,TA
KRW-AVAIL,2024-11-24-00:00,2024-11-25-00:00,first,0.014950985156076235,TA
KRW-AVAIL,2024-11-24-00:00,2024-11-25-00:00,second,0.017523125938940298,TA
KRW-AVAIL,2024-11-23-00:00,2024-11-24-00:00,first,0.020340281717270856,TA
KRW-AVAIL,2024-11-23-00:00,2024-11-24-00:00,second,0.02123820602600629,TA
KRW-AVAIL,2024-11-22-00:00,2024-11-23-00:00,first,0.01890250297593334,TA
KRW-AVAIL,2024-11-22-00:00,2024-11-23-00:00,second,0.02488972871247814,TA
KRW-AVAIL,2024-11-21-00:00,2024-11-22-00:00,first,0.018550679412962685,TA
KRW-AVAIL,2024-11-21-00:00,2024-11-22-00:00,second,0.02055013556485154,TA
KRW-AVAIL,2024-11-20-00:00,2024-11-21-00:00,first,0.018022352031496033,TA
KRW-AVAIL,2024-11-20-00:00,2024-11-21-00:00,second,0.015792389220046787,TA
KRW-AVAIL,2024-11-19-00:00,2024-11-20-00:00,first,0.015800129809273818,TA
KRW-AVAIL,2024-11-19-00:00,2024-11-20-00:00,second,0.021363316662429004,TA
KRW-AVAIL,2024-11-18-00:00,2024-11-19-00:00,first,0.01546984293318773,TA
KRW-AVAIL,2024-11-18-00:00,2024-11-19-00:00,second,0.028863316662429007,TA
KRW-AVAIL,2024-11-17-00:00,2024-11-18-00:00,first,0.021363607964669483,TA
KRW-AVAIL,2024-11-17-00:00,2024-11-18-00:00,second,0.025553751963552102,TA
KRW-AVAIL,2024-11-16-00:00,2024-11-17-00:00,first,0.022848329308586126,TA
KRW-AVAIL,2024-11-16-00:00,2024-11-17-00:00,second,0.02269823423443194,TA
KRW-AVAIL,2024-11-15-00:00,2024-11-16-00:00,first,0.018964881923951283,TA
KRW-AVAIL,2024-11-15-00:00,2024-11-16-00:00,second,0.020136593780916062,TA
KRW-AVAIL,2024-11-14-00:00,2024-11-15-00:00,first,0.02056916964260001,TA
KRW-AVAIL,2024-11-14-00:00,2024-11-15-00:00,second,0.025184753107121215,TA
KRW-AVAIL,2024-11-13-00:00,2024-11-14-00:00,first,0.009929448469191665,TA
KRW-AVAIL,2024-11-13-00:00,2024-11-14-00:00,second,0.020198234234431938,TA
KRW-AVAIL,2024-11-12-00:00,2024-11-13-00:00,first,0.00823555362843609,TA
KRW-AVAIL,2024-11-12-00:00,2024-11-13-00:00,second,0.027503035415569498,TA
KRW-AVAIL,2024-11-11-00:00,2024-11-12-00:00,first,0.017341788596954327,TA
KRW-AVAIL,2024-11-11-00:00,2024-11-12-00:00,second,0.02071596749829078,TA
KRW-AVAIL,2024-11-10-00:00,2024-11-11-00:00,first,0.017597904696372388,TA
KRW-AVAIL,2024-11-10-00:00,2024-11-11-00:00,second,0.024875188408244306,TA
KRW-AVAIL,2024-11-09-00:00,2024-11-10-00:00,first,0.022787772618962546,TA
KRW-AVAIL,2024-11-09-00:00,2024-11-10-00:00,second,0.020950678438648052,TA
KRW-AVAIL,2024-11-08-00:00,2024-11-09-00:00,first,0.0357490427240054,TA
KRW-AVAIL,2024-11-08-00:00,2024-11-09-00:00,second,0.026358573099404786,TA
KRW-AVAIL,2024-11-07-00:00,2024-11-08-00:00,first,0.013240995132690135,TA
KRW-AVAIL,2024-11-07-00:00,2024-11-08-00:00,second,0.02222501473405821,TA
KRW-AVAIL,2024-11-06-00:00,2024-11-07-00:00,first,0.01768207031422518,TA
KRW-AVAIL,2024-11-06-00:00,2024-11-07-00:00,second,0.025494278015164705,TA
KRW-AVAIL,2024-11-05-00:00,2024-11-06-00:00,first,0.01773900775798906,TA
KRW-AVAIL,2024-11-05-00:00,2024-11-06-00:00,second,0.011832361011621145,TA
KRW-AVAIL,2024-11-04-00:00,2024-11-05-00:00,first,0.01371901064866827,TA
KRW-AVAIL,2024-11-04-00:00,2024-11-05-00:00,second,0.021388748149769533,TA
KRW-AVAIL,2024-11-03-00:00,2024-11-04-00:00,first,0.016873767922160963,TA
KRW-AVAIL,2024-11-03-00:00,2024-11-04-00:00,second,0.025729228708620884,TA
KRW-AVAIL,2024-11-02-00:00,2024-11-03-00:00,first,0.018008737944451583,TA
KRW-AVAIL,2024-11-02-00:00,2024-11-03-00:00,second,0.024786365352211445,TA
KRW-AVAIL,2024-11-01-00:00,2024-11-02-00:00,first,0.012897344152509878,TA
KRW-AVAIL,2024-11-01-00:00,2024-11-02-00:00,second,0.017389728712478143,TA
KRW-AVAIL,2024-10-31-00:00,2024-11-01-00:00,first,0.03268543957713458,TA
KRW-AVAIL,2024-10-31-00:00,2024-11-01-00:00,second,0.018523816666286264,TA
KRW-AVAIL,2024-10-30-00:00,2024-10-31-00:00,first,0.040895837272826405,TA
KRW-AVAIL,2024-10-30-00:00,2024-10-31-00:00,second,0.014689119011263952,TA
KRW-AVAIL,2024-10-29-00:00,2024-10-30-00:00,first,0.03218345220243351,TA
KRW-AVAIL,2024-10-29-00:00,2024-10-30-00:00,second,0.01946071493295657,TA
KRW-AVAIL,2024-10-28-00:00,2024-10-29-00:00,first,0.0292427846932042,TA
KRW-AVAIL,2024-10-28-00:00,2024-10-29-00:00,second,0.029698763822893486,TA
KRW-AVAIL,2024-10-27-00:00,2024-10-28-00:00,first,0.03397305450674168,TA
KRW-AVAIL,2024-10-27-00:00,2024-10-28-00:00,second,0.03419876382289349,TA
KRW-AVAIL,2024-10-26-00:00,2024-10-27-00:00,first,0.035340281717270855,TA
KRW-AVAIL,2024-10-26-00:00,2024-10-27-00:00,second,0.03009848727286581,TA
KRW-AVAIL,2024-10-25-00:00,2024-10-26-00:00,first,0.012870115978420965,TA
KRW-AVAIL,2024-10-25-00:00,2024-10-26-00:00,second,0.026801676208913126,TA
KRW-AVAIL,2024-10-24-00:00,2024-10-25-00:00,first,0.01854043458882763,TA
KRW-AVAIL,2024-10-24-00:00,2024-10-25-00:00,second,0.02285910268786634,TA
KRW-AVAIL,2024-10-23-00:00,2024-10-24-00:00,first,0.017658211403045673,TA
KRW-AVAIL,2024-10-23-00:00,2024-10-24-00:00,second,0.015389728712478137,TA
KRW-AVAIL,2024-10-22-00:00,2024-10-23-00:00,first,0.012562503939493076,TA
KRW-AVAIL,2024-10-22-00:00,2024-10-23-00:00,second,0.015432107973187276,TA
KRW-AVAIL,2024-10-21-00:00,2024-10-22-00:00,first,0.012249450396311137,TA
KRW-AVAIL,2024-10-21-00:00,2024-10-22-00:00,second,0.021003035415569492,TA
KRW-AVAIL,2024-10-20-00:00,2024-10-21-00:00,first,0.012210680376522415,TA
KRW-AVAIL,2024-10-20-00:00,2024-10-21-00:00,second,0.0299942780151647,TA
KRW-AVAIL,2024-10-19-00:00,2024-10-20-00:00,first,0.023234006623921048,TA
KRW-AVAIL,2024-10-19-00:00,2024-10-20-00:00,second,0.032994278015164705,TA
KRW-AVAIL,2024-10-18-00:00,2024-10-19-00:00,first,0.020340281717270852,TA
KRW-AVAIL,2024-10-18-00:00,2024-10-19-00:00,second,0.028729228708620887,TA
KRW-AVAIL,2024-10-17-00:00,2024-10-18-00:00,first,0.0247847261617153,TA
KRW-AVAIL,2024-10-17-00:00,2024-10-18-00:00,second,0.022432107973187277,TA
KRW-AVAIL,2024-10-16-00:00,2024-10-17-00:00,first,0.013796550688245694,TA
KRW-AVAIL,2024-10-16-00:00,2024-10-17-00:00,second,0.021828088258962264,TA
KRW-AVAIL,2024-10-15-00:00,2024-10-16-00:00,first,0.023321791487633525,TA
KRW-AVAIL,2024-10-15-00:00,2024-10-16-00:00,second,0.025920743141382208,TA
KRW-AVAIL,2024-10-14-00:00,2024-10-15-00:00,first,0.02748833316282505,TA
KRW-AVAIL,2024-10-14-00:00,2024-10-15-00:00,second,0.021259516865184614,TA
KRW-AVAIL,2024-10-13-00:00,2024-10-14-00:00,first,0.037752621845033515,TA
KRW-AVAIL,2024-10-13-00:00,2024-10-14-00:00,second,0.032624899322914944,TA
KRW-AVAIL,2024-10-12-00:00,2024-10-13-00:00,first,0.04002722817408891,TA
KRW-AVAIL,2024-10-12-00:00,2024-10-13-00:00,second,0.04129984647952216,TA
KRW-AVAIL,2024-10-11-00:00,2024-10-12-00:00,first,0.03311805949504862,TA
KRW-AVAIL,2024-10-11-00:00,2024-10-12-00:00,second,0.021136593780916063,TA
KRW-AVAIL,2024-10-10-00:00,2024-10-11-00:00,first,0.01713805660436943,TA
KRW-AVAIL,2024-10-10-00:00,2024-10-11-00:00,second,0.02606467586908537,TA
KRW-AVAIL,2024-10-09-00:00,2024-10-10-00:00,first,0.013804723271036093,TA
KRW-AVAIL,2024-10-09-00:00,2024-10-10-00:00,second,0.02593263756164883,TA
KRW-AVAIL,2024-10-08-00:00,2024-10-09-00:00,first,0.01813984616488349,TA
KRW-AVAIL,2024-10-08-00:00,2024-10-09-00:00,second,0.025564675869085368,TA
KRW-AVAIL,2024-10-07-00:00,2024-10-08-00:00,first,0.0156615078432432,TA
KRW-AVAIL,2024-10-07-00:00,2024-10-08-00:00,second,0.023964928907519233,TA
KRW-AVAIL,2024-10-06-00:00,2024-10-07-00:00,first,0.029229170606159743,TA
KRW-AVAIL,2024-10-06-00:00,2024-10-07-00:00,second,0.024698763822893488,TA
KRW-AVAIL,2024-10-05-00:00,2024-10-06-00:00,first,0.031018772910467913,TA
KRW-AVAIL,2024-10-05-00:00,2024-10-06-00:00,second,0.026564675869085362,TA
KRW-AVAIL,2024-10-04-00:00,2024-10-05-00:00,first,0.0299076617993568,TA
KRW-AVAIL,2024-10-04-00:00,2024-10-05-00:00,second,0.023503035415569494,TA
KRW-AVAIL,2024-10-03-00:00,2024-10-04-00:00,first,0.019229170606159737,TA
KRW-AVAIL,2024-10-03-00:00,2024-10-04-00:00,second,0.02378636535221144,TA
KRW-AVAIL,2024-10-02-00:00,2024-10-03-00:00,first,0.014033611196365247,TA
KRW-AVAIL,2024-10-02-00:00,2024-10-03-00:00,second,0.02152235538647244,TA
KRW-AVAIL,2024-10-01-00:00,2024-10-02-00:00,first,0.019483214464233154,TA
KRW-AVAIL,2024-10-01-00:00,2024-10-02-00:00,second,0.014920743141382215,TA
KRW-AVAIL,2024-09-30-00:00,2024-10-01-00:00,first,0.0204577758506583,TA
KRW-AVAIL,2024-09-30-00:00,2024-10-01-00:00,second,0.014225835470288158,TA
KRW-AVAIL,2024-09-29-00:00,2024-09-30-00:00,first,0.026764446371563912,TA
KRW-AVAIL,2024-09-29-00:00,2024-09-30-00:00,second,0.02221625733365342,TA
KRW-AVAIL,2024-09-28-00:00,2024-09-29-00:00,first,0.030340281717270854,TA
KRW-AVAIL,2024-09-28-00:00,2024-09-29-00:00,second,0.025064675869085368,TA
KRW-AVAIL,2024-09-27-00:00,2024-09-28-00:00,first,0.025631548590617947,TA
KRW-AVAIL,2024-09-27-00:00,2024-09-28-00:00,second,0.021889037985132177,TA
KRW-AVAIL,2024-09-26-00:00,2024-09-27-00:00,first,0.01645139282838196,TA
KRW-AVAIL,2024-09-26-00:00,2024-09-27-00:00,second,0.024716257333653423,TA
KRW-AVAIL,2024-09-25-00:00,2024-09-26-00:00,first,0.009718727967837675,TA
KRW-AVAIL,2024-09-25-00:00,2024-09-26-00:00,second,0.02322501473405822,TA
KRW-AVAIL,2024-09-24-00:00,2024-09-25-00:00,first,0.010025155932744265,TA
KRW-AVAIL,2024-09-24-00:00,2024-09-25-00:00,second,0.015503035415569494,TA
KRW-AVAIL,2024-09-23-00:00,2024-09-24-00:00,first,0.02745318238889603,TA
KRW-AVAIL,2024-09-23-00:00,2024-09-24-00:00,second,0.01638081017318894,TA
KRW-AVAIL,2024-09-22-00:00,2024-09-23-00:00,first,0.024250957275994595,TA
KRW-AVAIL,2024-09-22-00:00,2024-09-23-00:00,second,0.023994278015164704,TA
KRW-AVAIL,2024-09-21-00:00,2024-09-22-00:00,first,0.019784726161715296,TA
KRW-AVAIL,2024-09-21-00:00,2024-09-22-00:00,second,0.024064675869085367,TA
KRW-AVAIL,2024-09-20-00:00,2024-09-21-00:00,first,0.02330000481779868,TA
KRW-AVAIL,2024-09-20-00:00,2024-09-21-00:00,second,0.02234930594665673,TA
KRW-AVAIL,2024-09-19-00:00,2024-09-20-00:00,first,0.01358583018689171,TA
KRW-AVAIL,2024-09-19-00:00,2024-09-20-00:00,second,0.016003035415569494,TA
KRW-AVAIL,2024-09-18-00:00,2024-09-19-00:00,first,0.0179361141722986,TA
KRW-AVAIL,2024-09-18-00:00,2024-09-19-00:00,second,0.018953418812365598,TA
KRW-AVAIL,2024-09-17-00:00,2024-09-18-00:00,first,0.015485004024747217,TA
KRW-AVAIL,2024-09-17-00:00,2024-09-18-00:00,second,0.011363536579409627,TA
KRW-AVAIL,2024-09-16-00:00,2024-09-17-00:00,first,0.02224945039631113,TA
KRW-AVAIL,2024-09-16-00:00,2024-09-17-00:00,second,0.03248849511133566,TA
KRW-AVAIL,2024-09-15-00:00,2024-09-16-00:00,first,0.013409326368395723,TA
KRW-AVAIL,2024-09-15-00:00,2024-09-16-00:00,second,0.021687839917360223,TA
KRW-AVAIL,2024-09-14-00:00,2024-09-15-00:00,first,0.01697972020984861,TA
KRW-AVAIL,2024-09-14-00:00,2024-09-15-00:00,second,0.020910348824310497,TA
KRW-AVAIL,2024-09-13-00:00,2024-09-14-00:00,first,0.030340281717270854,TA
KRW-AVAIL,2024-09-13-00:00,2024-09-14-00:00,second,0.023698763822893494,TA
KRW-AVAIL,2024-09-12-00:00,2024-09-13-00:00,first,0.0144580585314889,TA
KRW-AVAIL,2024-09-12-00:00,2024-09-13-00:00,second,0.01788972871247814,TA
KRW-AVAIL,2024-09-11-00:00,2024-09-12-00:00,first,0.017138056604369425,TA
KRW-AVAIL,2024-09-11-00:00,2024-09-12-00:00,second,0.021564675869085368,TA
KRW-AVAIL,2024-09-10-00:00,2024-09-11-00:00,first,0.01124766083579707,TA
KRW-AVAIL,2024-09-10-00:00,2024-09-11-00:00,second,0.023216257333653425,TA
KRW-AVAIL,2024-09-09-00:00,2024-09-10-00:00,first,0.012920953080739104,TA
KRW-AVAIL,2024-09-09-00:00,2024-09-10-00:00,second,0.018716257333653424,TA
KRW-AVAIL,2024-09-08-00:00,2024-09-09-00:00,first,0.015084165617852788,TA
KRW-AVAIL,2024-09-08-00:00,2024-09-09-00:00,second,0.027300376067983724,TA
KRW-AVAIL,2024-09-07-00:00,2024-09-08-00:00,first,0.01939750184186533,TA
KRW-AVAIL,2024-09-07-00:00,2024-09-08-00:00,second,0.024286655187574085,TA
KRW-AVAIL,2024-09-06-00:00,2024-09-07-00:00,first,0.01526765794511787,TA
KRW-AVAIL,2024-09-06-00:00,2024-09-07-00:00,second,0.015167588255105008,TA
KRW-AVAIL,2024-09-05-00:00,2024-09-06-00:00,first,0.017175279619643106,TA
KRW-AVAIL,2024-09-05-00:00,2024-09-06-00:00,second,0.02012783638051127,TA
KRW-AVAIL,2024-09-04-00:00,2024-09-05-00:00,first,0.012910708256604052,TA
KRW-AVAIL,2024-09-04-00:00,2024-09-05-00:00,second,0.017292389220046788,TA
KRW-AVAIL,2024-09-03-00:00,2024-09-04-00:00,first,0.020909451359870865,TA
KRW-AVAIL,2024-09-03-00:00,2024-09-04-00:00,second,0.014259516865184613,TA
KRW-AVAIL,2024-09-02-00:00,2024-09-03-00:00,first,0.011405997230317889,TA
KRW-AVAIL,2024-09-02-00:00,2024-09-03-00:00,second,0.010919923717558015,TA
KRW-AVAIL,2024-09-01-00:00,2024-09-02-00:00,first,0.014264571363039056,TA
KRW-AVAIL,2024-09-01-00:00,2024-09-02-00:00,second,0.029980267299392425,TA
KRW-AVAIL,2024-08-31-00:00,2024-09-01-00:00,first,0.013594002769682109,TA
KRW-AVAIL,2024-08-31-00:00,2024-09-01-00:00,second,0.02872922870862088,TA
KRW-AVAIL,2024-08-30-00:00,2024-08-31-00:00,first,0.01202873505377238,TA
KRW-AVAIL,2024-08-30-00:00,2024-08-31-00:00,second,0.01716758825510501,TA
KRW-AVAIL,2024-08-29-00:00,2024-08-30-00:00,first,0.02219706628947796,TA
KRW-AVAIL,2024-08-29-00:00,2024-08-30-00:00,second,0.024245266396313428,TA
KRW-AVAIL,2024-08-28-00:00,2024-08-29-00:00,first,0.008308177400589077,TA
KRW-AVAIL,2024-08-28-00:00,2024-08-29-00:00,second,0.015614355253200549,TA
KRW-AVAIL,2024-08-27-00:00,2024-08-28-00:00,first,0.0197847261617153,TA
KRW-AVAIL,2024-08-27-00:00,2024-08-28-00:00,second,0.025215217992848604,TA
KRW-AVAIL,2024-08-26-00:00,2024-08-27-00:00,first,0.012138056604369426,TA
KRW-AVAIL,2024-08-26-00:00,2024-08-27-00:00,second,0.02156467586908537,TA
KRW-AVAIL,2024-08-25-00:00,2024-08-26-00:00,first,0.016750832284519457,TA
KRW-AVAIL,2024-08-25-00:00,2024-08-26-00:00,second,0.02505066515331309,TA
KRW-AVAIL,2024-08-24-00:00,2024-08-25-00:00,first,0.01602901773460297,TA
KRW-AVAIL,2024-08-24-00:00,2024-08-25-00:00,second,0.009980267299392427,TA
KRW-AVAIL,2024-08-23-00:00,2024-08-24-00:00,first,0.011641510733922403,TA
KRW-AVAIL,2024-08-23-00:00,2024-08-24-00:00,second,0.019625428911376492,TA
KRW-AVAIL,2024-08-22-00:00,2024-08-23-00:00,first,0.01936027882659165,TA
KRW-AVAIL,2024-08-22-00:00,2024-08-23-00:00,second,0.019964928907519233,TA
KRW-AVAIL,2024-08-21-00:00,2024-08-22-00:00,first,0.009587619747405777,TA
KRW-AVAIL,2024-08-21-00:00,2024-08-22-00:00,second,0.021347408229865215,TA
KRW-AVAIL,2024-08-20-00:00,2024-08-21-00:00,first,0.012641228053091813,TA
KRW-AVAIL,2024-08-20-00:00,2024-08-21-00:00,second,0.017772644471801814,TA
KRW-AVAIL,2024-08-19-00:00,2024-08-20-00:00,first,0.015725959032605798,TA
KRW-AVAIL,2024-08-19-00:00,2024-08-20-00:00,second,0.020716257333653426,TA
KRW-AVAIL,2024-08-18-00:00,2024-08-19-00:00,first,0.01395944041969723,TA
KRW-AVAIL,2024-08-18-00:00,2024-08-19-00:00,second,0.015372823568275962,TA
KRW-AVAIL,2024-08-17-00:00,2024-08-18-00:00,first,0.0142509572759946,TA
KRW-AVAIL,2024-08-17-00:00,2024-08-18-00:00,second,0.009084766392456171,TA
KRW-AVAIL,2024-08-16-00:00,2024-08-17-00:00,first,0.009542224149341689,TA
KRW-AVAIL,2024-08-16-00:00,2024-08-17-00:00,second,0.020820996179816077,TA
KRW-AVAIL,2024-08-15-00:00,2024-08-16-00:00,first,0.011560714378979023,TA
KRW-AVAIL,2024-08-15-00:00,2024-08-16-00:00,second,0.0199512080271096,TA
KRW-AVAIL,2024-08-14-00:00,2024-08-15-00:00,first,0.0059040098556168066,TA
KRW-AVAIL,2024-08-14-00:00,2024-08-15-00:00,second,0.0115487919728904,TA
KRW-AVAIL,2024-08-13-00:00,2024-08-14-00:00,first,0.012429323477716522,TA
KRW-AVAIL,2024-08-13-00:00,2024-08-14-00:00,second,0.013410348824310492,TA
KRW-AVAIL,2024-08-12-00:00,2024-08-13-00:00,first,0.01411777681421804,TA
KRW-AVAIL,2024-08-12-00:00,2024-08-13-00:00,second,0.010292389220046789,TA
KRW-AVAIL,2024-08-11-00:00,2024-08-12-00:00,first,0.010508612952976445,TA
KRW-AVAIL,2024-08-11-00:00,2024-08-12-00:00,second,0.011080262582530857,TA
KRW-AVAIL,2024-08-10-00:00,2024-08-11-00:00,first,0.008719010648668273,TA
KRW-AVAIL,2024-08-10-00:00,2024-08-11-00:00,second,0.012453418812365597,TA
KRW-AVAIL,2024-08-09-00:00,2024-08-10-00:00,first,0.009466231114279302,TA
KRW-AVAIL,2024-08-09-00:00,2024-08-10-00:00,second,0.015008344670700164,TA
KRW-AVAIL,2024-08-08-00:00,2024-08-09-00:00,first,0.009264571363039056,TA
KRW-AVAIL,2024-08-08-00:00,2024-08-09-00:00,second,0.014186378637546408,TA
KRW-AVAIL,2024-08-07-00:00,2024-08-08-00:00,first,0.01689762683334047,TA
KRW-AVAIL,2024-08-07-00:00,2024-08-08-00:00,second,0.012363316662429005,TA
KRW-AVAIL,2024-08-06-00:00,2024-08-07-00:00,first,0.014833491022688784,TA
KRW-AVAIL,2024-08-06-00:00,2024-08-07-00:00,second,0.01665591375181901,TA
KRW-AVAIL,2024-08-05-00:00,2024-08-06-00:00,first,0.010713891950076377,TA
KRW-AVAIL,2024-08-05-00:00,2024-08-06-00:00,second,0.010656443340280566,TA
KRW-AVAIL,2024-08-04-00:00,2024-08-05-00:00,first,0.013540434588827628,TA
KRW-AVAIL,2024-08-04-00:00,2024-08-05-00:00,second,0.016715727745191873,TA
KRW-AVAIL,2024-08-03-00:00,2024-08-04-00:00,first,0.008503736810383574,TA
KRW-AVAIL,2024-08-03-00:00,2024-08-04-00:00,second,0.014715217992848606,TA
KRW-AVAIL,2024-08-02-00:00,2024-08-03-00:00,first,0.008131673582093083,TA
KRW-AVAIL,2024-08-02-00:00,2024-08-03-00:00,second,0.022394531053598572,TA
KRW-AVAIL,2024-08-01-00:00,2024-08-02-00:00,first,0.015207101255494293,TA
KRW-AVAIL,2024-08-01-00:00,2024-08-02-00:00,second,0.011894001465137022,TA
KRW-AVAIL,2024-07-31-00:00,2024-08-01-00:00,first,0.018804723271036092,TA
KRW-AVAIL,2024-07-31-00:00,2024-08-01-00:00,second,0.014230748766530915,TA
KRW-AVAIL,2024-07-30-00:00,2024-07-31-00:00,first,0.007897344152509879,TA
KRW-AVAIL,2024-07-30-00:00,2024-07-31-00:00,second,0.01427264447180181,TA
KRW-AVAIL,2024-07-29-00:00,2024-07-30-00:00,first,0.007930672668044541,TA
KRW-AVAIL,2024-07-29-00:00,2024-07-30-00:00,second,0.019581902742585,TA
KRW-AVAIL,2024-07-28-00:00,2024-07-29-00:00,first,0.010084165617852798,TA
KRW-AVAIL,2024-07-28-00:00,2024-07-29-00:00,second,0.014622583065143784,TA
KRW-AVAIL,2024-07-27-00:00,2024-07-28-00:00,first,0.01261944138325696,TA
KRW-AVAIL,2024-07-27-00:00,2024-07-28-00:00,second,0.012036056861678704,TA
KRW-AVAIL,2024-07-26-00:00,2024-07-27-00:00,first,0.01813984616488348,TA
KRW-AVAIL,2024-07-26-00:00,2024-07-27-00:00,second,0.014289452162450455,TA
KRW-AVAIL,2024-07-25-00:00,2024-07-26-00:00,first,0.01619527672896391,TA
KRW-AVAIL,2024-07-25-00:00,2024-07-26-00:00,second,0.013287665493140855,TA
KRW-AVAIL,2024-07-24-00:00,2024-07-25-00:00,first,0.022875557482675033,TA
KRW-AVAIL,2024-07-24-00:00,2024-07-25-00:00,second,0.010584476557093528,TA
