symbol,start_date,end_date,digit_type,mad,target
ALPACAUSDT,2022-01-01-00:00,2022-01-02-00:00,first,0.006247703205466083,TA
ALPACAUSDT,2022-01-01-00:00,2022-01-02-00:00,second,0.008874514854910982,TA
ALPACAUSDT,2022-01-02-00:00,2022-01-03-00:00,first,0.006336233662403938,TA
ALPACAUSDT,2022-01-02-00:00,2022-01-03-00:00,second,0.007514567973276128,TA
ALPACAUSDT,2022-01-03-00:00,2022-01-04-00:00,first,0.009642922168920662,TA
ALPACAUSDT,2022-01-03-00:00,2022-01-04-00:00,second,0.009557455253977056,TA
ALPACAUSDT,2022-01-04-00:00,2022-01-05-00:00,first,0.008400733484214254,TA
ALPACAUSDT,2022-01-04-00:00,2022-01-05-00:00,second,0.004444142361668887,TA
ALPACAUSDT,2022-01-05-00:00,2022-01-06-00:00,first,0.007407319710878481,TA
ALPACAUSDT,2022-01-05-00:00,2022-01-06-00:00,second,0.007781552444087387,TA
ALPACAUSDT,2022-01-06-00:00,2022-01-07-00:00,first,0.007193500704513822,TA
ALPACAUSDT,2022-01-06-00:00,2022-01-07-00:00,second,0.01185841367210873,TA
ALPACAUSDT,2022-01-07-00:00,2022-01-08-00:00,first,0.005100391518464742,TA
ALPACAUSDT,2022-01-07-00:00,2022-01-08-00:00,second,0.007022362735507419,TA
ALPACAUSDT,2022-01-08-00:00,2022-01-09-00:00,first,0.007908353701622978,TA
ALPACAUSDT,2022-01-08-00:00,2022-01-09-00:00,second,0.01206659667270998,TA
ALPACAUSDT,2022-01-09-00:00,2022-01-10-00:00,first,0.007933290559871313,TA
ALPACAUSDT,2022-01-09-00:00,2022-01-10-00:00,second,0.011009868842130299,TA
ALPACAUSDT,2022-01-10-00:00,2022-01-11-00:00,first,0.010894763061373472,TA
ALPACAUSDT,2022-01-10-00:00,2022-01-11-00:00,second,0.008816036306041445,TA
ALPACAUSDT,2022-01-11-00:00,2022-01-12-00:00,first,0.011670414515874025,TA
ALPACAUSDT,2022-01-11-00:00,2022-01-12-00:00,second,0.009520778290339118,TA
ALPACAUSDT,2022-01-12-00:00,2022-01-13-00:00,first,0.008588150339040626,TA
ALPACAUSDT,2022-01-12-00:00,2022-01-13-00:00,second,0.008482387636345146,TA
ALPACAUSDT,2022-01-13-00:00,2022-01-14-00:00,first,0.013611394186693625,TA
ALPACAUSDT,2022-01-13-00:00,2022-01-14-00:00,second,0.014523246307136828,TA
ALPACAUSDT,2022-01-14-00:00,2022-01-15-00:00,first,0.00929528983471272,TA
ALPACAUSDT,2022-01-14-00:00,2022-01-15-00:00,second,0.0125254670604803,TA
ALPACAUSDT,2022-01-15-00:00,2022-01-16-00:00,first,0.014857539464657002,TA
ALPACAUSDT,2022-01-15-00:00,2022-01-16-00:00,second,0.0124603810478978,TA
ALPACAUSDT,2022-01-16-00:00,2022-01-17-00:00,first,0.012966420785215193,TA
ALPACAUSDT,2022-01-16-00:00,2022-01-17-00:00,second,0.010773952760420914,TA
ALPACAUSDT,2022-01-17-00:00,2022-01-18-00:00,first,0.012061619446872193,TA
ALPACAUSDT,2022-01-17-00:00,2022-01-18-00:00,second,0.011699726357838162,TA
ALPACAUSDT,2022-01-18-00:00,2022-01-19-00:00,first,0.014411600304284677,TA
ALPACAUSDT,2022-01-18-00:00,2022-01-19-00:00,second,0.009106762143729474,TA
ALPACAUSDT,2022-01-19-00:00,2022-01-20-00:00,first,0.020401581811171927,TA
ALPACAUSDT,2022-01-19-00:00,2022-01-20-00:00,second,0.011859961650043101,TA
ALPACAUSDT,2022-01-20-00:00,2022-01-21-00:00,first,0.015342597300425444,TA
ALPACAUSDT,2022-01-20-00:00,2022-01-21-00:00,second,0.010735500396941867,TA
ALPACAUSDT,2022-01-21-00:00,2022-01-22-00:00,first,0.00768665885256151,TA
ALPACAUSDT,2022-01-21-00:00,2022-01-22-00:00,second,0.01121930448593939,TA
ALPACAUSDT,2022-01-22-00:00,2022-01-23-00:00,first,0.005646407202538593,TA
ALPACAUSDT,2022-01-22-00:00,2022-01-23-00:00,second,0.007322014346765435,TA
ALPACAUSDT,2022-01-23-00:00,2022-01-24-00:00,first,0.0045836651173522865,TA
ALPACAUSDT,2022-01-23-00:00,2022-01-24-00:00,second,0.008619225363648442,TA
ALPACAUSDT,2022-01-24-00:00,2022-01-25-00:00,first,0.01219106013793833,TA
ALPACAUSDT,2022-01-24-00:00,2022-01-25-00:00,second,0.0049392080148905285,TA
ALPACAUSDT,2022-01-25-00:00,2022-01-26-00:00,first,0.004632291568032302,TA
ALPACAUSDT,2022-01-25-00:00,2022-01-26-00:00,second,0.005846968364763766,TA
ALPACAUSDT,2022-01-26-00:00,2022-01-27-00:00,first,0.008869326825566641,TA
ALPACAUSDT,2022-01-26-00:00,2022-01-27-00:00,second,0.002899611043094484,TA
ALPACAUSDT,2022-01-27-00:00,2022-01-28-00:00,first,0.009241674285978314,TA
ALPACAUSDT,2022-01-27-00:00,2022-01-28-00:00,second,0.0037596661754019296,TA
ALPACAUSDT,2022-01-28-00:00,2022-01-29-00:00,first,0.010035695644825517,TA
ALPACAUSDT,2022-01-28-00:00,2022-01-29-00:00,second,0.010375324725815066,TA
ALPACAUSDT,2022-01-29-00:00,2022-01-30-00:00,first,0.005530596010367819,TA
ALPACAUSDT,2022-01-29-00:00,2022-01-30-00:00,second,0.012803934450125943,TA
ALPACAUSDT,2022-01-30-00:00,2022-01-31-00:00,first,0.012492761349774272,TA
ALPACAUSDT,2022-01-30-00:00,2022-01-31-00:00,second,0.007784891508860746,TA
ALPACAUSDT,2022-01-31-00:00,2022-02-01-00:00,first,0.013391192507531893,TA
ALPACAUSDT,2022-01-31-00:00,2022-02-01-00:00,second,0.008445212961478597,TA
ALPACAUSDT,2022-02-01-00:00,2022-02-02-00:00,first,0.013537886246370272,TA
ALPACAUSDT,2022-02-01-00:00,2022-02-02-00:00,second,0.004162051944290262,TA
ALPACAUSDT,2022-02-02-00:00,2022-02-03-00:00,first,0.01242423605454384,TA
ALPACAUSDT,2022-02-02-00:00,2022-02-03-00:00,second,0.011338641741587111,TA
ALPACAUSDT,2022-02-03-00:00,2022-02-04-00:00,first,0.011327023666149247,TA
ALPACAUSDT,2022-02-03-00:00,2022-02-04-00:00,second,0.007288522548639202,TA
ALPACAUSDT,2022-02-04-00:00,2022-02-05-00:00,first,0.014294993055846937,TA
ALPACAUSDT,2022-02-04-00:00,2022-02-05-00:00,second,0.006125540156155161,TA
ALPACAUSDT,2022-02-05-00:00,2022-02-06-00:00,first,0.005233806799709683,TA
ALPACAUSDT,2022-02-05-00:00,2022-02-06-00:00,second,0.0071464905255813225,TA
ALPACAUSDT,2022-02-06-00:00,2022-02-07-00:00,first,0.014352495509984797,TA
ALPACAUSDT,2022-02-06-00:00,2022-02-07-00:00,second,0.006797854555835425,TA
ALPACAUSDT,2022-02-07-00:00,2022-02-08-00:00,first,0.006652634001618336,TA
ALPACAUSDT,2022-02-07-00:00,2022-02-08-00:00,second,0.008741505035702146,TA
ALPACAUSDT,2022-02-08-00:00,2022-02-09-00:00,first,0.0059437449186228114,TA
ALPACAUSDT,2022-02-08-00:00,2022-02-09-00:00,second,0.00992331850938986,TA
ALPACAUSDT,2022-02-09-00:00,2022-02-10-00:00,first,0.00670557628152731,TA
ALPACAUSDT,2022-02-09-00:00,2022-02-10-00:00,second,0.00804590681456664,TA
ALPACAUSDT,2022-02-10-00:00,2022-02-11-00:00,first,0.0056443791027291045,TA
ALPACAUSDT,2022-02-10-00:00,2022-02-11-00:00,second,0.008935871056249493,TA
ALPACAUSDT,2022-02-11-00:00,2022-02-12-00:00,first,0.010046305065476872,TA
ALPACAUSDT,2022-02-11-00:00,2022-02-12-00:00,second,0.008828272578500414,TA
ALPACAUSDT,2022-02-12-00:00,2022-02-13-00:00,first,0.011199783347884493,TA
ALPACAUSDT,2022-02-12-00:00,2022-02-13-00:00,second,0.01217765645394672,TA
ALPACAUSDT,2022-02-13-00:00,2022-02-14-00:00,first,0.014408331379379925,TA
ALPACAUSDT,2022-02-13-00:00,2022-02-14-00:00,second,0.009927580143656436,TA
ALPACAUSDT,2022-02-14-00:00,2022-02-15-00:00,first,0.010561776435924755,TA
ALPACAUSDT,2022-02-14-00:00,2022-02-15-00:00,second,0.009933644482542508,TA
ALPACAUSDT,2022-02-15-00:00,2022-02-16-00:00,first,0.006651359721702098,TA
ALPACAUSDT,2022-02-15-00:00,2022-02-16-00:00,second,0.013013578637708306,TA
ALPACAUSDT,2022-02-16-00:00,2022-02-17-00:00,first,0.012313078766300794,TA
ALPACAUSDT,2022-02-16-00:00,2022-02-17-00:00,second,0.013065793460833353,TA
ALPACAUSDT,2022-02-17-00:00,2022-02-18-00:00,first,0.011367090821793732,TA
ALPACAUSDT,2022-02-17-00:00,2022-02-18-00:00,second,0.009365579373309414,TA
ALPACAUSDT,2022-02-18-00:00,2022-02-19-00:00,first,0.010784519681882262,TA
ALPACAUSDT,2022-02-18-00:00,2022-02-19-00:00,second,0.007041108507765665,TA
ALPACAUSDT,2022-02-19-00:00,2022-02-20-00:00,first,0.004808980201862662,TA
ALPACAUSDT,2022-02-19-00:00,2022-02-20-00:00,second,0.005709861407461468,TA
ALPACAUSDT,2022-02-20-00:00,2022-02-21-00:00,first,0.008482410585374543,TA
ALPACAUSDT,2022-02-20-00:00,2022-02-21-00:00,second,0.011864868825118103,TA
ALPACAUSDT,2022-02-21-00:00,2022-02-22-00:00,first,0.006223287670053406,TA
ALPACAUSDT,2022-02-21-00:00,2022-02-22-00:00,second,0.007561373897221502,TA
ALPACAUSDT,2022-02-22-00:00,2022-02-23-00:00,first,0.01319892424731729,TA
ALPACAUSDT,2022-02-22-00:00,2022-02-23-00:00,second,0.011184370500344725,TA
ALPACAUSDT,2022-02-23-00:00,2022-02-24-00:00,first,0.00941996035745689,TA
ALPACAUSDT,2022-02-23-00:00,2022-02-24-00:00,second,0.007051024271766805,TA
ALPACAUSDT,2022-02-24-00:00,2022-02-25-00:00,first,0.00656878546494532,TA
ALPACAUSDT,2022-02-24-00:00,2022-02-25-00:00,second,0.0071197787395384125,TA
ALPACAUSDT,2022-02-25-00:00,2022-02-26-00:00,first,0.004526322069306674,TA
ALPACAUSDT,2022-02-25-00:00,2022-02-26-00:00,second,0.006572056641573494,TA
ALPACAUSDT,2022-02-26-00:00,2022-02-27-00:00,first,0.016545058148215403,TA
ALPACAUSDT,2022-02-26-00:00,2022-02-27-00:00,second,0.009616302689254255,TA
ALPACAUSDT,2022-02-27-00:00,2022-02-28-00:00,first,0.012629228384183903,TA
ALPACAUSDT,2022-02-27-00:00,2022-02-28-00:00,second,0.009845885231640424,TA
ALPACAUSDT,2022-02-28-00:00,2022-03-01-00:00,first,0.003713904855318433,TA
ALPACAUSDT,2022-02-28-00:00,2022-03-01-00:00,second,0.00890589788619166,TA
ALPACAUSDT,2022-03-01-00:00,2022-03-02-00:00,first,0.007880188928091022,TA
ALPACAUSDT,2022-03-01-00:00,2022-03-02-00:00,second,0.004500015731667133,TA
ALPACAUSDT,2022-03-02-00:00,2022-03-03-00:00,first,0.00682349795458546,TA
ALPACAUSDT,2022-03-02-00:00,2022-03-03-00:00,second,0.006239751511385887,TA
ALPACAUSDT,2022-03-03-00:00,2022-03-04-00:00,first,0.011829586429501536,TA
ALPACAUSDT,2022-03-03-00:00,2022-03-04-00:00,second,0.010534144828359984,TA
ALPACAUSDT,2022-03-04-00:00,2022-03-05-00:00,first,0.01011048289800638,TA
ALPACAUSDT,2022-03-04-00:00,2022-03-05-00:00,second,0.009581950650506925,TA
ALPACAUSDT,2022-03-05-00:00,2022-03-06-00:00,first,0.005540725751412768,TA
ALPACAUSDT,2022-03-05-00:00,2022-03-06-00:00,second,0.007879982883645286,TA
ALPACAUSDT,2022-03-06-00:00,2022-03-07-00:00,first,0.010663048393022947,TA
ALPACAUSDT,2022-03-06-00:00,2022-03-07-00:00,second,0.008273046410050233,TA
ALPACAUSDT,2022-03-07-00:00,2022-03-08-00:00,first,0.011812039527099237,TA
ALPACAUSDT,2022-03-07-00:00,2022-03-08-00:00,second,0.006845335974347241,TA
ALPACAUSDT,2022-03-08-00:00,2022-03-09-00:00,first,0.004036606171813595,TA
ALPACAUSDT,2022-03-08-00:00,2022-03-09-00:00,second,0.006290888596483674,TA
ALPACAUSDT,2022-03-09-00:00,2022-03-10-00:00,first,0.009132696886931533,TA
ALPACAUSDT,2022-03-09-00:00,2022-03-10-00:00,second,0.008872826082563314,TA
ALPACAUSDT,2022-03-10-00:00,2022-03-11-00:00,first,0.004516321728665528,TA
ALPACAUSDT,2022-03-10-00:00,2022-03-11-00:00,second,0.011559596854778125,TA
ALPACAUSDT,2022-03-11-00:00,2022-03-12-00:00,first,0.011409304932915258,TA
ALPACAUSDT,2022-03-11-00:00,2022-03-12-00:00,second,0.013478296845441181,TA
ALPACAUSDT,2022-03-12-00:00,2022-03-13-00:00,first,0.015857511820948206,TA
ALPACAUSDT,2022-03-12-00:00,2022-03-13-00:00,second,0.011700366771498438,TA
ALPACAUSDT,2022-03-13-00:00,2022-03-14-00:00,first,0.014659247499805565,TA
ALPACAUSDT,2022-03-13-00:00,2022-03-14-00:00,second,0.009795299440973728,TA
ALPACAUSDT,2022-03-14-00:00,2022-03-15-00:00,first,0.009420180305961454,TA
ALPACAUSDT,2022-03-14-00:00,2022-03-15-00:00,second,0.004951424754949358,TA
ALPACAUSDT,2022-03-15-00:00,2022-03-16-00:00,first,0.013139345865347834,TA
ALPACAUSDT,2022-03-15-00:00,2022-03-16-00:00,second,0.01409738248170141,TA
ALPACAUSDT,2022-03-16-00:00,2022-03-17-00:00,first,0.011919989971925315,TA
ALPACAUSDT,2022-03-16-00:00,2022-03-17-00:00,second,0.008684428386142803,TA
ALPACAUSDT,2022-03-17-00:00,2022-03-18-00:00,first,0.012621637871571995,TA
ALPACAUSDT,2022-03-17-00:00,2022-03-18-00:00,second,0.007638184874510419,TA
ALPACAUSDT,2022-03-18-00:00,2022-03-19-00:00,first,0.009575913115656306,TA
ALPACAUSDT,2022-03-18-00:00,2022-03-19-00:00,second,0.011774683254075425,TA
ALPACAUSDT,2022-03-19-00:00,2022-03-20-00:00,first,0.010936506216772526,TA
ALPACAUSDT,2022-03-19-00:00,2022-03-20-00:00,second,0.009602370817807281,TA
ALPACAUSDT,2022-03-20-00:00,2022-03-21-00:00,first,0.010662301485975427,TA
ALPACAUSDT,2022-03-20-00:00,2022-03-21-00:00,second,0.007262984633132788,TA
ALPACAUSDT,2022-03-21-00:00,2022-03-22-00:00,first,0.006315469320283517,TA
ALPACAUSDT,2022-03-21-00:00,2022-03-22-00:00,second,0.0066531493891256194,TA
ALPACAUSDT,2022-03-22-00:00,2022-03-23-00:00,first,0.00992698856009099,TA
ALPACAUSDT,2022-03-22-00:00,2022-03-23-00:00,second,0.006513746332206807,TA
ALPACAUSDT,2022-03-23-00:00,2022-03-24-00:00,first,0.005987396222335886,TA
ALPACAUSDT,2022-03-23-00:00,2022-03-24-00:00,second,0.009272500893866947,TA
ALPACAUSDT,2022-03-24-00:00,2022-03-25-00:00,first,0.007481712366562298,TA
ALPACAUSDT,2022-03-24-00:00,2022-03-25-00:00,second,0.00813041559367542,TA
ALPACAUSDT,2022-03-25-00:00,2022-03-26-00:00,first,0.008039885947825596,TA
ALPACAUSDT,2022-03-25-00:00,2022-03-26-00:00,second,0.006579539244899737,TA
ALPACAUSDT,2022-03-26-00:00,2022-03-27-00:00,first,0.010708555204179036,TA
ALPACAUSDT,2022-03-26-00:00,2022-03-27-00:00,second,0.00613301511386533,TA
ALPACAUSDT,2022-03-27-00:00,2022-03-28-00:00,first,0.006104150756787916,TA
ALPACAUSDT,2022-03-27-00:00,2022-03-28-00:00,second,0.008584830691065212,TA
ALPACAUSDT,2022-03-28-00:00,2022-03-29-00:00,first,0.0021767727678773377,TA
ALPACAUSDT,2022-03-28-00:00,2022-03-29-00:00,second,0.008771506620926746,TA
ALPACAUSDT,2022-03-29-00:00,2022-03-30-00:00,first,0.008277370572590668,TA
ALPACAUSDT,2022-03-29-00:00,2022-03-30-00:00,second,0.007271792815536128,TA
ALPACAUSDT,2022-03-30-00:00,2022-03-31-00:00,first,0.006139446371563915,TA
ALPACAUSDT,2022-03-30-00:00,2022-03-31-00:00,second,0.009248910577197603,TA
ALPACAUSDT,2022-03-31-00:00,2022-04-01-00:00,first,0.008724417899675825,TA
ALPACAUSDT,2022-03-31-00:00,2022-04-01-00:00,second,0.008029287521261854,TA
ALPACAUSDT,2022-04-01-00:00,2022-04-02-00:00,first,0.004173423041221962,TA
ALPACAUSDT,2022-04-01-00:00,2022-04-02-00:00,second,0.003962770294092735,TA
ALPACAUSDT,2022-04-02-00:00,2022-04-03-00:00,first,0.005359622165518673,TA
ALPACAUSDT,2022-04-02-00:00,2022-04-03-00:00,second,0.005314254169225326,TA
ALPACAUSDT,2022-04-03-00:00,2022-04-04-00:00,first,0.005955888013183405,TA
ALPACAUSDT,2022-04-03-00:00,2022-04-04-00:00,second,0.01215577941616491,TA
ALPACAUSDT,2022-04-04-00:00,2022-04-05-00:00,first,0.009154819447020552,TA
ALPACAUSDT,2022-04-04-00:00,2022-04-05-00:00,second,0.007544442076971913,TA
ALPACAUSDT,2022-04-05-00:00,2022-04-06-00:00,first,0.008434443668010237,TA
ALPACAUSDT,2022-04-05-00:00,2022-04-06-00:00,second,0.005464368242973033,TA
ALPACAUSDT,2022-04-06-00:00,2022-04-07-00:00,first,0.006026780573106097,TA
ALPACAUSDT,2022-04-06-00:00,2022-04-07-00:00,second,0.006833516959034283,TA
ALPACAUSDT,2022-04-07-00:00,2022-04-08-00:00,first,0.01054963086010761,TA
ALPACAUSDT,2022-04-07-00:00,2022-04-08-00:00,second,0.006795150923431888,TA
ALPACAUSDT,2022-04-08-00:00,2022-04-09-00:00,first,0.00917056374978508,TA
ALPACAUSDT,2022-04-08-00:00,2022-04-09-00:00,second,0.0067935898134493565,TA
ALPACAUSDT,2022-04-09-00:00,2022-04-10-00:00,first,0.009224581962676982,TA
ALPACAUSDT,2022-04-09-00:00,2022-04-10-00:00,second,0.00675615316668154,TA
ALPACAUSDT,2022-04-10-00:00,2022-04-11-00:00,first,0.007207303667560477,TA
ALPACAUSDT,2022-04-10-00:00,2022-04-11-00:00,second,0.005357897740354724,TA
ALPACAUSDT,2022-04-11-00:00,2022-04-12-00:00,first,0.005588929098729925,TA
ALPACAUSDT,2022-04-11-00:00,2022-04-12-00:00,second,0.006942517910162463,TA
ALPACAUSDT,2022-04-12-00:00,2022-04-13-00:00,first,0.006604347954677219,TA
ALPACAUSDT,2022-04-12-00:00,2022-04-13-00:00,second,0.003046582093301653,TA
ALPACAUSDT,2022-04-13-00:00,2022-04-14-00:00,first,0.0033148289919767626,TA
ALPACAUSDT,2022-04-13-00:00,2022-04-14-00:00,second,0.0072357488632247,TA
ALPACAUSDT,2022-04-14-00:00,2022-04-15-00:00,first,0.00569697678105412,TA
ALPACAUSDT,2022-04-14-00:00,2022-04-15-00:00,second,0.0053071895261613935,TA
ALPACAUSDT,2022-04-15-00:00,2022-04-16-00:00,first,0.003947131346252348,TA
ALPACAUSDT,2022-04-15-00:00,2022-04-16-00:00,second,0.007172666383786747,TA
ALPACAUSDT,2022-04-16-00:00,2022-04-17-00:00,first,0.005909605797050266,TA
ALPACAUSDT,2022-04-16-00:00,2022-04-17-00:00,second,0.007109697454364562,TA
ALPACAUSDT,2022-04-17-00:00,2022-04-18-00:00,first,0.006160897585727294,TA
ALPACAUSDT,2022-04-17-00:00,2022-04-18-00:00,second,0.010059849731318833,TA
ALPACAUSDT,2022-04-18-00:00,2022-04-19-00:00,first,0.003487386979192023,TA
ALPACAUSDT,2022-04-18-00:00,2022-04-19-00:00,second,0.005824235598602029,TA
ALPACAUSDT,2022-04-19-00:00,2022-04-20-00:00,first,0.0041123742610012955,TA
ALPACAUSDT,2022-04-19-00:00,2022-04-20-00:00,second,0.0050870269214915425,TA
ALPACAUSDT,2022-04-20-00:00,2022-04-21-00:00,first,0.006334153101994767,TA
ALPACAUSDT,2022-04-20-00:00,2022-04-21-00:00,second,0.007598406468217319,TA
ALPACAUSDT,2022-04-21-00:00,2022-04-22-00:00,first,0.007959311358717564,TA
ALPACAUSDT,2022-04-21-00:00,2022-04-22-00:00,second,0.00837525114552031,TA
ALPACAUSDT,2022-04-22-00:00,2022-04-23-00:00,first,0.005065474230815269,TA
ALPACAUSDT,2022-04-22-00:00,2022-04-23-00:00,second,0.006240425131361164,TA
ALPACAUSDT,2022-04-23-00:00,2022-04-24-00:00,first,0.00810903254259217,TA
ALPACAUSDT,2022-04-23-00:00,2022-04-24-00:00,second,0.009432988500424221,TA
ALPACAUSDT,2022-04-24-00:00,2022-04-25-00:00,first,0.010423857284650423,TA
ALPACAUSDT,2022-04-24-00:00,2022-04-25-00:00,second,0.0060540095515422415,TA
ALPACAUSDT,2022-04-25-00:00,2022-04-26-00:00,first,0.007934383115717947,TA
ALPACAUSDT,2022-04-25-00:00,2022-04-26-00:00,second,0.008978771455199775,TA
ALPACAUSDT,2022-04-26-00:00,2022-04-27-00:00,first,0.008658594617817178,TA
ALPACAUSDT,2022-04-26-00:00,2022-04-27-00:00,second,0.007458216691132206,TA
ALPACAUSDT,2022-04-27-00:00,2022-04-28-00:00,first,0.008889044365764823,TA
ALPACAUSDT,2022-04-27-00:00,2022-04-28-00:00,second,0.004873749992786963,TA
ALPACAUSDT,2022-04-28-00:00,2022-04-29-00:00,first,0.00918583001936266,TA
ALPACAUSDT,2022-04-28-00:00,2022-04-29-00:00,second,0.00871964588865131,TA
ALPACAUSDT,2022-04-29-00:00,2022-04-30-00:00,first,0.0084695215314293,TA
ALPACAUSDT,2022-04-29-00:00,2022-04-30-00:00,second,0.008848596521224215,TA
ALPACAUSDT,2022-04-30-00:00,2022-05-01-00:00,first,0.011302337626232138,TA
ALPACAUSDT,2022-04-30-00:00,2022-05-01-00:00,second,0.009708739814536814,TA
ALPACAUSDT,2022-05-01-00:00,2022-05-02-00:00,first,0.006349661525930571,TA
ALPACAUSDT,2022-05-01-00:00,2022-05-02-00:00,second,0.0051720190591647425,TA
ALPACAUSDT,2022-05-02-00:00,2022-05-03-00:00,first,0.010153929620242447,TA
ALPACAUSDT,2022-05-02-00:00,2022-05-03-00:00,second,0.011333680465972017,TA
ALPACAUSDT,2022-05-03-00:00,2022-05-04-00:00,first,0.008757389744398804,TA
ALPACAUSDT,2022-05-03-00:00,2022-05-04-00:00,second,0.005114673516439088,TA
ALPACAUSDT,2022-05-04-00:00,2022-05-05-00:00,first,0.016461933654413438,TA
ALPACAUSDT,2022-05-04-00:00,2022-05-05-00:00,second,0.010232573170915967,TA
ALPACAUSDT,2022-05-05-00:00,2022-05-06-00:00,first,0.008473984741000666,TA
ALPACAUSDT,2022-05-05-00:00,2022-05-06-00:00,second,0.009420149731976735,TA
ALPACAUSDT,2022-05-06-00:00,2022-05-07-00:00,first,0.01321497518147411,TA
ALPACAUSDT,2022-05-06-00:00,2022-05-07-00:00,second,0.012957117337660945,TA
ALPACAUSDT,2022-05-07-00:00,2022-05-08-00:00,first,0.016578691402003312,TA
ALPACAUSDT,2022-05-07-00:00,2022-05-08-00:00,second,0.009394047005004695,TA
ALPACAUSDT,2022-05-08-00:00,2022-05-09-00:00,first,0.01993238704106531,TA
ALPACAUSDT,2022-05-08-00:00,2022-05-09-00:00,second,0.010359077616807133,TA
ALPACAUSDT,2022-05-09-00:00,2022-05-10-00:00,first,0.01054775759835008,TA
ALPACAUSDT,2022-05-09-00:00,2022-05-10-00:00,second,0.003985468845545165,TA
ALPACAUSDT,2022-05-10-00:00,2022-05-11-00:00,first,0.010070826344819685,TA
ALPACAUSDT,2022-05-10-00:00,2022-05-11-00:00,second,0.007493345050929595,TA
ALPACAUSDT,2022-05-11-00:00,2022-05-12-00:00,first,0.004506325227440957,TA
ALPACAUSDT,2022-05-11-00:00,2022-05-12-00:00,second,0.007135873587041356,TA
ALPACAUSDT,2022-05-12-00:00,2022-05-13-00:00,first,0.0068873820092054255,TA
ALPACAUSDT,2022-05-12-00:00,2022-05-13-00:00,second,0.004289992093797106,TA
ALPACAUSDT,2022-05-13-00:00,2022-05-14-00:00,first,0.009205349981126952,TA
ALPACAUSDT,2022-05-13-00:00,2022-05-14-00:00,second,0.010488006770259833,TA
ALPACAUSDT,2022-05-14-00:00,2022-05-15-00:00,first,0.021097930415702546,TA
ALPACAUSDT,2022-05-14-00:00,2022-05-15-00:00,second,0.01612018309636168,TA
ALPACAUSDT,2022-05-15-00:00,2022-05-16-00:00,first,0.012684914485632443,TA
ALPACAUSDT,2022-05-15-00:00,2022-05-16-00:00,second,0.013683709528643905,TA
ALPACAUSDT,2022-05-16-00:00,2022-05-17-00:00,first,0.007058499317632347,TA
ALPACAUSDT,2022-05-16-00:00,2022-05-17-00:00,second,0.0101050932639051,TA
ALPACAUSDT,2022-05-17-00:00,2022-05-18-00:00,first,0.016073183408348693,TA
ALPACAUSDT,2022-05-17-00:00,2022-05-18-00:00,second,0.01342486031137843,TA
ALPACAUSDT,2022-05-18-00:00,2022-05-19-00:00,first,0.008790577677379107,TA
ALPACAUSDT,2022-05-18-00:00,2022-05-19-00:00,second,0.018576347058683624,TA
ALPACAUSDT,2022-05-19-00:00,2022-05-20-00:00,first,0.0156341781723302,TA
ALPACAUSDT,2022-05-19-00:00,2022-05-20-00:00,second,0.01191738910830244,TA
ALPACAUSDT,2022-05-20-00:00,2022-05-21-00:00,first,0.013037812016273112,TA
ALPACAUSDT,2022-05-20-00:00,2022-05-21-00:00,second,0.009834018084823868,TA
ALPACAUSDT,2022-05-21-00:00,2022-05-22-00:00,first,0.019498096334789803,TA
ALPACAUSDT,2022-05-21-00:00,2022-05-22-00:00,second,0.012553194921061115,TA
ALPACAUSDT,2022-05-22-00:00,2022-05-23-00:00,first,0.023830305161633515,TA
ALPACAUSDT,2022-05-22-00:00,2022-05-23-00:00,second,0.012920782849537665,TA
ALPACAUSDT,2022-05-23-00:00,2022-05-24-00:00,first,0.015431651928551452,TA
ALPACAUSDT,2022-05-23-00:00,2022-05-24-00:00,second,0.012055308750004568,TA
ALPACAUSDT,2022-05-24-00:00,2022-05-25-00:00,first,0.007587535538900363,TA
ALPACAUSDT,2022-05-24-00:00,2022-05-25-00:00,second,0.0073279886646204955,TA
ALPACAUSDT,2022-05-25-00:00,2022-05-26-00:00,first,0.01397080102711415,TA
ALPACAUSDT,2022-05-25-00:00,2022-05-26-00:00,second,0.01208186465307388,TA
ALPACAUSDT,2022-05-26-00:00,2022-05-27-00:00,first,0.0192092845802177,TA
ALPACAUSDT,2022-05-26-00:00,2022-05-27-00:00,second,0.009811925538202863,TA
ALPACAUSDT,2022-05-27-00:00,2022-05-28-00:00,first,0.02162737074924574,TA
ALPACAUSDT,2022-05-27-00:00,2022-05-28-00:00,second,0.013040208147118214,TA
ALPACAUSDT,2022-05-28-00:00,2022-05-29-00:00,first,0.020840553666888834,TA
ALPACAUSDT,2022-05-28-00:00,2022-05-29-00:00,second,0.009312200081471418,TA
ALPACAUSDT,2022-05-29-00:00,2022-05-30-00:00,first,0.017403939013527058,TA
ALPACAUSDT,2022-05-29-00:00,2022-05-30-00:00,second,0.009868930536984203,TA
ALPACAUSDT,2022-05-30-00:00,2022-05-31-00:00,first,0.010593666019332919,TA
ALPACAUSDT,2022-05-30-00:00,2022-05-31-00:00,second,0.010630023355872011,TA
ALPACAUSDT,2022-05-31-00:00,2022-06-01-00:00,first,0.00915010594184592,TA
ALPACAUSDT,2022-05-31-00:00,2022-06-01-00:00,second,0.013986829107816973,TA
ALPACAUSDT,2022-06-01-00:00,2022-06-02-00:00,first,0.007615738509812433,TA
ALPACAUSDT,2022-06-01-00:00,2022-06-02-00:00,second,0.005786657378705619,TA
ALPACAUSDT,2022-06-02-00:00,2022-06-03-00:00,first,0.014135720123952755,TA
ALPACAUSDT,2022-06-02-00:00,2022-06-03-00:00,second,0.00875424106225534,TA
ALPACAUSDT,2022-06-03-00:00,2022-06-04-00:00,first,0.019860547846666604,TA
ALPACAUSDT,2022-06-03-00:00,2022-06-04-00:00,second,0.015571369863331288,TA
ALPACAUSDT,2022-06-04-00:00,2022-06-05-00:00,first,0.015865237527464073,TA
ALPACAUSDT,2022-06-04-00:00,2022-06-05-00:00,second,0.022038695255753492,TA
ALPACAUSDT,2022-06-05-00:00,2022-06-06-00:00,first,0.015903177132685572,TA
ALPACAUSDT,2022-06-05-00:00,2022-06-06-00:00,second,0.018217959938240758,TA
ALPACAUSDT,2022-06-06-00:00,2022-06-07-00:00,first,0.0188898355412204,TA
ALPACAUSDT,2022-06-06-00:00,2022-06-07-00:00,second,0.019127603823884697,TA
ALPACAUSDT,2022-06-07-00:00,2022-06-08-00:00,first,0.02428291551909994,TA
ALPACAUSDT,2022-06-07-00:00,2022-06-08-00:00,second,0.014278374697633527,TA
ALPACAUSDT,2022-06-08-00:00,2022-06-09-00:00,first,0.00776290774094517,TA
ALPACAUSDT,2022-06-08-00:00,2022-06-09-00:00,second,0.008699283958215785,TA
ALPACAUSDT,2022-06-09-00:00,2022-06-10-00:00,first,0.011524151739426907,TA
ALPACAUSDT,2022-06-09-00:00,2022-06-10-00:00,second,0.007658055136919313,TA
ALPACAUSDT,2022-06-10-00:00,2022-06-11-00:00,first,0.009316138079953656,TA
ALPACAUSDT,2022-06-10-00:00,2022-06-11-00:00,second,0.006784553420289438,TA
ALPACAUSDT,2022-06-11-00:00,2022-06-12-00:00,first,0.010642330108642928,TA
ALPACAUSDT,2022-06-11-00:00,2022-06-12-00:00,second,0.00937399511482388,TA
ALPACAUSDT,2022-06-12-00:00,2022-06-13-00:00,first,0.012326407348275725,TA
ALPACAUSDT,2022-06-12-00:00,2022-06-13-00:00,second,0.013413352005561426,TA
ALPACAUSDT,2022-06-13-00:00,2022-06-14-00:00,first,0.014395647201822903,TA
ALPACAUSDT,2022-06-13-00:00,2022-06-14-00:00,second,0.009817070176715431,TA
ALPACAUSDT,2022-06-14-00:00,2022-06-15-00:00,first,0.011541590669973565,TA
ALPACAUSDT,2022-06-14-00:00,2022-06-15-00:00,second,0.006199961331777516,TA
ALPACAUSDT,2022-06-15-00:00,2022-06-16-00:00,first,0.009178233979273344,TA
ALPACAUSDT,2022-06-15-00:00,2022-06-16-00:00,second,0.005933015986754692,TA
ALPACAUSDT,2022-06-16-00:00,2022-06-17-00:00,first,0.009246613462148924,TA
ALPACAUSDT,2022-06-16-00:00,2022-06-17-00:00,second,0.0078434056069385,TA
ALPACAUSDT,2022-06-17-00:00,2022-06-18-00:00,first,0.014949033142287349,TA
ALPACAUSDT,2022-06-17-00:00,2022-06-18-00:00,second,0.010635733499278075,TA
ALPACAUSDT,2022-06-18-00:00,2022-06-19-00:00,first,0.015467655927813677,TA
ALPACAUSDT,2022-06-18-00:00,2022-06-19-00:00,second,0.01644773260181399,TA
ALPACAUSDT,2022-06-19-00:00,2022-06-20-00:00,first,0.011727868259027496,TA
ALPACAUSDT,2022-06-19-00:00,2022-06-20-00:00,second,0.012400037794587909,TA
ALPACAUSDT,2022-06-20-00:00,2022-06-21-00:00,first,0.013423507370247906,TA
ALPACAUSDT,2022-06-20-00:00,2022-06-21-00:00,second,0.011048884345268288,TA
ALPACAUSDT,2022-06-21-00:00,2022-06-22-00:00,first,0.00723605887706789,TA
ALPACAUSDT,2022-06-21-00:00,2022-06-22-00:00,second,0.013147667770094568,TA
ALPACAUSDT,2022-06-22-00:00,2022-06-23-00:00,first,0.013517376676681172,TA
ALPACAUSDT,2022-06-22-00:00,2022-06-23-00:00,second,0.014790353402997409,TA
ALPACAUSDT,2022-06-23-00:00,2022-06-24-00:00,first,0.010678652857922645,TA
ALPACAUSDT,2022-06-23-00:00,2022-06-24-00:00,second,0.015728579360568797,TA
ALPACAUSDT,2022-06-24-00:00,2022-06-25-00:00,first,0.009289836490190329,TA
ALPACAUSDT,2022-06-24-00:00,2022-06-25-00:00,second,0.012383293065841175,TA
ALPACAUSDT,2022-06-25-00:00,2022-06-26-00:00,first,0.009286882011786466,TA
ALPACAUSDT,2022-06-25-00:00,2022-06-26-00:00,second,0.008179465726820542,TA
ALPACAUSDT,2022-06-26-00:00,2022-06-27-00:00,first,0.007918831282641392,TA
ALPACAUSDT,2022-06-26-00:00,2022-06-27-00:00,second,0.012026444139802889,TA
ALPACAUSDT,2022-06-27-00:00,2022-06-28-00:00,first,0.012889259864222546,TA
ALPACAUSDT,2022-06-27-00:00,2022-06-28-00:00,second,0.010047879545454776,TA
ALPACAUSDT,2022-06-28-00:00,2022-06-29-00:00,first,0.019651716014558753,TA
ALPACAUSDT,2022-06-28-00:00,2022-06-29-00:00,second,0.040741910436765935,TA
ALPACAUSDT,2022-06-29-00:00,2022-06-30-00:00,first,0.02850423336886164,TA
ALPACAUSDT,2022-06-29-00:00,2022-06-30-00:00,second,0.021140791785652063,TA
ALPACAUSDT,2022-06-30-00:00,2022-07-01-00:00,first,0.01750587189995105,TA
ALPACAUSDT,2022-06-30-00:00,2022-07-01-00:00,second,0.015305277372844766,TA
ALPACAUSDT,2022-07-01-00:00,2022-07-02-00:00,first,0.010492912333970855,TA
ALPACAUSDT,2022-07-01-00:00,2022-07-02-00:00,second,0.015264156112979294,TA
ALPACAUSDT,2022-07-02-00:00,2022-07-03-00:00,first,0.01132837751872312,TA
ALPACAUSDT,2022-07-02-00:00,2022-07-03-00:00,second,0.0193663834358279,TA
ALPACAUSDT,2022-07-03-00:00,2022-07-04-00:00,first,0.01648961079813241,TA
ALPACAUSDT,2022-07-03-00:00,2022-07-04-00:00,second,0.018736986313401906,TA
ALPACAUSDT,2022-07-04-00:00,2022-07-05-00:00,first,0.016492789079971332,TA
ALPACAUSDT,2022-07-04-00:00,2022-07-05-00:00,second,0.017867388727872337,TA
ALPACAUSDT,2022-07-05-00:00,2022-07-06-00:00,first,0.011160886282709693,TA
ALPACAUSDT,2022-07-05-00:00,2022-07-06-00:00,second,0.013947894420136058,TA
ALPACAUSDT,2022-07-06-00:00,2022-07-07-00:00,first,0.007780647938152357,TA
ALPACAUSDT,2022-07-06-00:00,2022-07-07-00:00,second,0.007551234185693272,TA
ALPACAUSDT,2022-07-07-00:00,2022-07-08-00:00,first,0.0075215590008002355,TA
ALPACAUSDT,2022-07-07-00:00,2022-07-08-00:00,second,0.008796686788717345,TA
ALPACAUSDT,2022-07-08-00:00,2022-07-09-00:00,first,0.01234391706365075,TA
ALPACAUSDT,2022-07-08-00:00,2022-07-09-00:00,second,0.009491442320111784,TA
ALPACAUSDT,2022-07-09-00:00,2022-07-10-00:00,first,0.011402936841767266,TA
ALPACAUSDT,2022-07-09-00:00,2022-07-10-00:00,second,0.015789702833172554,TA
ALPACAUSDT,2022-07-10-00:00,2022-07-11-00:00,first,0.01767580904878378,TA
ALPACAUSDT,2022-07-10-00:00,2022-07-11-00:00,second,0.015320855602050982,TA
ALPACAUSDT,2022-07-11-00:00,2022-07-12-00:00,first,0.013219380920685203,TA
ALPACAUSDT,2022-07-11-00:00,2022-07-12-00:00,second,0.015973592831374107,TA
ALPACAUSDT,2022-07-12-00:00,2022-07-13-00:00,first,0.014277419215239753,TA
ALPACAUSDT,2022-07-12-00:00,2022-07-13-00:00,second,0.01585513698768327,TA
ALPACAUSDT,2022-07-13-00:00,2022-07-14-00:00,first,0.021498139837367484,TA
ALPACAUSDT,2022-07-13-00:00,2022-07-14-00:00,second,0.012845990720487938,TA
ALPACAUSDT,2022-07-14-00:00,2022-07-15-00:00,first,0.015266110940602833,TA
ALPACAUSDT,2022-07-14-00:00,2022-07-15-00:00,second,0.01215357753933273,TA
ALPACAUSDT,2022-07-15-00:00,2022-07-16-00:00,first,0.011411860836059787,TA
ALPACAUSDT,2022-07-15-00:00,2022-07-16-00:00,second,0.013256993936888279,TA
ALPACAUSDT,2022-07-16-00:00,2022-07-17-00:00,first,0.016068932374870067,TA
ALPACAUSDT,2022-07-16-00:00,2022-07-17-00:00,second,0.010981777138793601,TA
ALPACAUSDT,2022-07-17-00:00,2022-07-18-00:00,first,0.014234501143231203,TA
ALPACAUSDT,2022-07-17-00:00,2022-07-18-00:00,second,0.012175063748781408,TA
ALPACAUSDT,2022-07-18-00:00,2022-07-19-00:00,first,0.011547899853230716,TA
ALPACAUSDT,2022-07-18-00:00,2022-07-19-00:00,second,0.011769057748123785,TA
ALPACAUSDT,2022-07-19-00:00,2022-07-20-00:00,first,0.01602234165108317,TA
ALPACAUSDT,2022-07-19-00:00,2022-07-20-00:00,second,0.011071599716423058,TA
ALPACAUSDT,2022-07-20-00:00,2022-07-21-00:00,first,0.014413219314298497,TA
ALPACAUSDT,2022-07-20-00:00,2022-07-21-00:00,second,0.014886857964610794,TA
ALPACAUSDT,2022-07-21-00:00,2022-07-22-00:00,first,0.012269246605911003,TA
ALPACAUSDT,2022-07-21-00:00,2022-07-22-00:00,second,0.013740659501986937,TA
ALPACAUSDT,2022-07-22-00:00,2022-07-23-00:00,first,0.012330542429446999,TA
ALPACAUSDT,2022-07-22-00:00,2022-07-23-00:00,second,0.009700753503677818,TA
ALPACAUSDT,2022-07-23-00:00,2022-07-24-00:00,first,0.017866654054278355,TA
ALPACAUSDT,2022-07-23-00:00,2022-07-24-00:00,second,0.01921476386383943,TA
ALPACAUSDT,2022-07-24-00:00,2022-07-25-00:00,first,0.01912892168010654,TA
ALPACAUSDT,2022-07-24-00:00,2022-07-25-00:00,second,0.009449858809183757,TA
ALPACAUSDT,2022-07-25-00:00,2022-07-26-00:00,first,0.01238548566180472,TA
ALPACAUSDT,2022-07-25-00:00,2022-07-26-00:00,second,0.014026573306147738,TA
ALPACAUSDT,2022-07-26-00:00,2022-07-27-00:00,first,0.01833777136280868,TA
ALPACAUSDT,2022-07-26-00:00,2022-07-27-00:00,second,0.013558163242000465,TA
ALPACAUSDT,2022-07-27-00:00,2022-07-28-00:00,first,0.015487428584123651,TA
ALPACAUSDT,2022-07-27-00:00,2022-07-28-00:00,second,0.01527658335304298,TA
ALPACAUSDT,2022-07-28-00:00,2022-07-29-00:00,first,0.009574364761580216,TA
ALPACAUSDT,2022-07-28-00:00,2022-07-29-00:00,second,0.013060639760574994,TA
ALPACAUSDT,2022-07-29-00:00,2022-07-30-00:00,first,0.010097573569350989,TA
ALPACAUSDT,2022-07-29-00:00,2022-07-30-00:00,second,0.012290790702398299,TA
ALPACAUSDT,2022-07-30-00:00,2022-07-31-00:00,first,0.012206672740359914,TA
ALPACAUSDT,2022-07-30-00:00,2022-07-31-00:00,second,0.015797664306707787,TA
ALPACAUSDT,2022-07-31-00:00,2022-08-01-00:00,first,0.012416581333570079,TA
ALPACAUSDT,2022-07-31-00:00,2022-08-01-00:00,second,0.014745299078671014,TA
ALPACAUSDT,2022-08-01-00:00,2022-08-02-00:00,first,0.01715228704242345,TA
ALPACAUSDT,2022-08-01-00:00,2022-08-02-00:00,second,0.021157300225860664,TA
ALPACAUSDT,2022-08-02-00:00,2022-08-03-00:00,first,0.014912827315540679,TA
ALPACAUSDT,2022-08-02-00:00,2022-08-03-00:00,second,0.009203505327314973,TA
ALPACAUSDT,2022-08-03-00:00,2022-08-04-00:00,first,0.004630533714802515,TA
ALPACAUSDT,2022-08-03-00:00,2022-08-04-00:00,second,0.007920471864326737,TA
ALPACAUSDT,2022-08-04-00:00,2022-08-05-00:00,first,0.006313382660015725,TA
ALPACAUSDT,2022-08-04-00:00,2022-08-05-00:00,second,0.005670825247613705,TA
ALPACAUSDT,2022-08-05-00:00,2022-08-06-00:00,first,0.00890928660541224,TA
ALPACAUSDT,2022-08-05-00:00,2022-08-06-00:00,second,0.007826631776475603,TA
ALPACAUSDT,2022-08-06-00:00,2022-08-07-00:00,first,0.013856095442414196,TA
ALPACAUSDT,2022-08-06-00:00,2022-08-07-00:00,second,0.012679338414737945,TA
ALPACAUSDT,2022-08-07-00:00,2022-08-08-00:00,first,0.007339982613437403,TA
ALPACAUSDT,2022-08-07-00:00,2022-08-08-00:00,second,0.007196139102366619,TA
ALPACAUSDT,2022-08-08-00:00,2022-08-09-00:00,first,0.011647132984339937,TA
ALPACAUSDT,2022-08-08-00:00,2022-08-09-00:00,second,0.009255188076566707,TA
ALPACAUSDT,2022-08-09-00:00,2022-08-10-00:00,first,0.0077506811221604854,TA
ALPACAUSDT,2022-08-09-00:00,2022-08-10-00:00,second,0.016694936649873142,TA
ALPACAUSDT,2022-08-10-00:00,2022-08-11-00:00,first,0.010694555344394388,TA
ALPACAUSDT,2022-08-10-00:00,2022-08-11-00:00,second,0.014640803558971455,TA
ALPACAUSDT,2022-08-11-00:00,2022-08-12-00:00,first,0.01067691559679049,TA
ALPACAUSDT,2022-08-11-00:00,2022-08-12-00:00,second,0.010019814472542087,TA
ALPACAUSDT,2022-08-12-00:00,2022-08-13-00:00,first,0.008375312887463947,TA
ALPACAUSDT,2022-08-12-00:00,2022-08-13-00:00,second,0.013249352007469923,TA
ALPACAUSDT,2022-08-13-00:00,2022-08-14-00:00,first,0.012794181998085654,TA
ALPACAUSDT,2022-08-13-00:00,2022-08-14-00:00,second,0.013061659277833482,TA
ALPACAUSDT,2022-08-14-00:00,2022-08-15-00:00,first,0.011023548265063413,TA
ALPACAUSDT,2022-08-14-00:00,2022-08-15-00:00,second,0.015533451801831383,TA
ALPACAUSDT,2022-08-15-00:00,2022-08-16-00:00,first,0.012072998073631071,TA
ALPACAUSDT,2022-08-15-00:00,2022-08-16-00:00,second,0.013433191022344212,TA
ALPACAUSDT,2022-08-16-00:00,2022-08-17-00:00,first,0.016586523997713785,TA
ALPACAUSDT,2022-08-16-00:00,2022-08-17-00:00,second,0.02167529841593255,TA
ALPACAUSDT,2022-08-17-00:00,2022-08-18-00:00,first,0.016200739674082372,TA
ALPACAUSDT,2022-08-17-00:00,2022-08-18-00:00,second,0.018042338168666832,TA
ALPACAUSDT,2022-08-18-00:00,2022-08-19-00:00,first,0.01510420569801311,TA
ALPACAUSDT,2022-08-18-00:00,2022-08-19-00:00,second,0.015568963585342498,TA
ALPACAUSDT,2022-08-19-00:00,2022-08-20-00:00,first,0.015122415482448248,TA
ALPACAUSDT,2022-08-19-00:00,2022-08-20-00:00,second,0.016133259202514738,TA
ALPACAUSDT,2022-08-20-00:00,2022-08-21-00:00,first,0.01504877432729577,TA
ALPACAUSDT,2022-08-20-00:00,2022-08-21-00:00,second,0.014326034798276432,TA
ALPACAUSDT,2022-08-21-00:00,2022-08-22-00:00,first,0.012077836684954225,TA
ALPACAUSDT,2022-08-21-00:00,2022-08-22-00:00,second,0.01470572512498396,TA
ALPACAUSDT,2022-08-22-00:00,2022-08-23-00:00,first,0.01319906620353558,TA
ALPACAUSDT,2022-08-22-00:00,2022-08-23-00:00,second,0.018955096955428477,TA
ALPACAUSDT,2022-08-23-00:00,2022-08-24-00:00,first,0.013510700942853662,TA
ALPACAUSDT,2022-08-23-00:00,2022-08-24-00:00,second,0.021762448175887943,TA
ALPACAUSDT,2022-08-24-00:00,2022-08-25-00:00,first,0.010218746533586722,TA
ALPACAUSDT,2022-08-24-00:00,2022-08-25-00:00,second,0.007314982794707927,TA
ALPACAUSDT,2022-08-25-00:00,2022-08-26-00:00,first,0.015845986818175013,TA
ALPACAUSDT,2022-08-25-00:00,2022-08-26-00:00,second,0.015581612152942704,TA
ALPACAUSDT,2022-08-26-00:00,2022-08-27-00:00,first,0.012967102472685347,TA
ALPACAUSDT,2022-08-26-00:00,2022-08-27-00:00,second,0.015587749826695146,TA
ALPACAUSDT,2022-08-27-00:00,2022-08-28-00:00,first,0.020137374941111078,TA
ALPACAUSDT,2022-08-27-00:00,2022-08-28-00:00,second,0.013852118193048246,TA
ALPACAUSDT,2022-08-28-00:00,2022-08-29-00:00,first,0.014488217471787138,TA
ALPACAUSDT,2022-08-28-00:00,2022-08-29-00:00,second,0.010107105946516499,TA
ALPACAUSDT,2022-08-29-00:00,2022-08-30-00:00,first,0.008310697136379223,TA
ALPACAUSDT,2022-08-29-00:00,2022-08-30-00:00,second,0.00962482832260628,TA
ALPACAUSDT,2022-08-30-00:00,2022-08-31-00:00,first,0.007597024020202798,TA
ALPACAUSDT,2022-08-30-00:00,2022-08-31-00:00,second,0.012411825407779322,TA
ALPACAUSDT,2022-08-31-00:00,2022-09-01-00:00,first,0.010851682014337014,TA
ALPACAUSDT,2022-08-31-00:00,2022-09-01-00:00,second,0.01252332960953655,TA
ALPACAUSDT,2022-09-01-00:00,2022-09-02-00:00,first,0.010004102533052475,TA
ALPACAUSDT,2022-09-01-00:00,2022-09-02-00:00,second,0.01577071218324626,TA
ALPACAUSDT,2022-09-02-00:00,2022-09-03-00:00,first,0.018874336090562698,TA
ALPACAUSDT,2022-09-02-00:00,2022-09-03-00:00,second,0.006513132618911567,TA
ALPACAUSDT,2022-09-03-00:00,2022-09-04-00:00,first,0.014989904087133956,TA
ALPACAUSDT,2022-09-03-00:00,2022-09-04-00:00,second,0.012477046470737312,TA
ALPACAUSDT,2022-09-04-00:00,2022-09-05-00:00,first,0.015823852312157972,TA
ALPACAUSDT,2022-09-04-00:00,2022-09-05-00:00,second,0.015707746898548307,TA
ALPACAUSDT,2022-09-05-00:00,2022-09-06-00:00,first,0.011389336283864312,TA
ALPACAUSDT,2022-09-05-00:00,2022-09-06-00:00,second,0.009391183368335292,TA
ALPACAUSDT,2022-09-06-00:00,2022-09-07-00:00,first,0.02034111237043309,TA
ALPACAUSDT,2022-09-06-00:00,2022-09-07-00:00,second,0.01574477887176996,TA
ALPACAUSDT,2022-09-07-00:00,2022-09-08-00:00,first,0.02086127202940029,TA
ALPACAUSDT,2022-09-07-00:00,2022-09-08-00:00,second,0.011870367856187154,TA
ALPACAUSDT,2022-09-08-00:00,2022-09-09-00:00,first,0.010547068860742873,TA
ALPACAUSDT,2022-09-08-00:00,2022-09-09-00:00,second,0.013064076744619377,TA
ALPACAUSDT,2022-09-09-00:00,2022-09-10-00:00,first,0.012145867409400398,TA
ALPACAUSDT,2022-09-09-00:00,2022-09-10-00:00,second,0.01911824917953191,TA
ALPACAUSDT,2022-09-10-00:00,2022-09-11-00:00,first,0.01607474499410701,TA
ALPACAUSDT,2022-09-10-00:00,2022-09-11-00:00,second,0.016625638238421548,TA
ALPACAUSDT,2022-09-11-00:00,2022-09-12-00:00,first,0.014617551799287158,TA
ALPACAUSDT,2022-09-11-00:00,2022-09-12-00:00,second,0.009908432050901646,TA
ALPACAUSDT,2022-09-12-00:00,2022-09-13-00:00,first,0.016089477208586882,TA
ALPACAUSDT,2022-09-12-00:00,2022-09-13-00:00,second,0.014322867827468267,TA
ALPACAUSDT,2022-09-13-00:00,2022-09-14-00:00,first,0.014135454891970505,TA
ALPACAUSDT,2022-09-13-00:00,2022-09-14-00:00,second,0.014761522271629796,TA
ALPACAUSDT,2022-09-14-00:00,2022-09-15-00:00,first,0.015824906358593533,TA
ALPACAUSDT,2022-09-14-00:00,2022-09-15-00:00,second,0.01137516485784463,TA
ALPACAUSDT,2022-09-15-00:00,2022-09-16-00:00,first,0.016950892935284307,TA
ALPACAUSDT,2022-09-15-00:00,2022-09-16-00:00,second,0.013874366133731716,TA
ALPACAUSDT,2022-09-16-00:00,2022-09-17-00:00,first,0.014087139267737803,TA
ALPACAUSDT,2022-09-16-00:00,2022-09-17-00:00,second,0.012117538382538626,TA
ALPACAUSDT,2022-09-17-00:00,2022-09-18-00:00,first,0.02856302577288304,TA
ALPACAUSDT,2022-09-17-00:00,2022-09-18-00:00,second,0.015907047893345787,TA
ALPACAUSDT,2022-09-18-00:00,2022-09-19-00:00,first,0.010670757796623749,TA
ALPACAUSDT,2022-09-18-00:00,2022-09-19-00:00,second,0.025399639224936883,TA
ALPACAUSDT,2022-09-19-00:00,2022-09-20-00:00,first,0.009538111002267908,TA
ALPACAUSDT,2022-09-19-00:00,2022-09-20-00:00,second,0.008598363306546942,TA
ALPACAUSDT,2022-09-20-00:00,2022-09-21-00:00,first,0.00589203079836387,TA
ALPACAUSDT,2022-09-20-00:00,2022-09-21-00:00,second,0.0064518263972804645,TA
ALPACAUSDT,2022-09-21-00:00,2022-09-22-00:00,first,0.012888460472351527,TA
ALPACAUSDT,2022-09-21-00:00,2022-09-22-00:00,second,0.008345960626608532,TA
ALPACAUSDT,2022-09-22-00:00,2022-09-23-00:00,first,0.010265983705808184,TA
ALPACAUSDT,2022-09-22-00:00,2022-09-23-00:00,second,0.015084994263644897,TA
ALPACAUSDT,2022-09-23-00:00,2022-09-24-00:00,first,0.012992516547002505,TA
ALPACAUSDT,2022-09-23-00:00,2022-09-24-00:00,second,0.01205974376497946,TA
ALPACAUSDT,2022-09-24-00:00,2022-09-25-00:00,first,0.01603770880659104,TA
ALPACAUSDT,2022-09-24-00:00,2022-09-25-00:00,second,0.015996730597890623,TA
ALPACAUSDT,2022-09-25-00:00,2022-09-26-00:00,first,0.008576079286468617,TA
ALPACAUSDT,2022-09-25-00:00,2022-09-26-00:00,second,0.020130505739905026,TA
ALPACAUSDT,2022-09-26-00:00,2022-09-27-00:00,first,0.014616198370929541,TA
ALPACAUSDT,2022-09-26-00:00,2022-09-27-00:00,second,0.018234020408842606,TA
ALPACAUSDT,2022-09-27-00:00,2022-09-28-00:00,first,0.010466045827894586,TA
ALPACAUSDT,2022-09-27-00:00,2022-09-28-00:00,second,0.012103220838911112,TA
ALPACAUSDT,2022-09-28-00:00,2022-09-29-00:00,first,0.012492629984921582,TA
ALPACAUSDT,2022-09-28-00:00,2022-09-29-00:00,second,0.01638265512875735,TA
ALPACAUSDT,2022-09-29-00:00,2022-09-30-00:00,first,0.011388202624387049,TA
ALPACAUSDT,2022-09-29-00:00,2022-09-30-00:00,second,0.015244983832500586,TA
ALPACAUSDT,2022-09-30-00:00,2022-10-01-00:00,first,0.02540059200333661,TA
ALPACAUSDT,2022-09-30-00:00,2022-10-01-00:00,second,0.015817490255809717,TA
ALPACAUSDT,2022-10-01-00:00,2022-10-02-00:00,first,0.014828848353163344,TA
ALPACAUSDT,2022-10-01-00:00,2022-10-02-00:00,second,0.013060104740050538,TA
ALPACAUSDT,2022-10-02-00:00,2022-10-03-00:00,first,0.012112370052820925,TA
ALPACAUSDT,2022-10-02-00:00,2022-10-03-00:00,second,0.012931136533784474,TA
ALPACAUSDT,2022-10-03-00:00,2022-10-04-00:00,first,0.01663700285876343,TA
ALPACAUSDT,2022-10-03-00:00,2022-10-04-00:00,second,0.02111798109491448,TA
ALPACAUSDT,2022-10-04-00:00,2022-10-05-00:00,first,0.010868344947944714,TA
ALPACAUSDT,2022-10-04-00:00,2022-10-05-00:00,second,0.017734448696322368,TA
ALPACAUSDT,2022-10-05-00:00,2022-10-06-00:00,first,0.014635332930063817,TA
ALPACAUSDT,2022-10-05-00:00,2022-10-06-00:00,second,0.016426794839155993,TA
ALPACAUSDT,2022-10-06-00:00,2022-10-07-00:00,first,0.014984592631418749,TA
ALPACAUSDT,2022-10-06-00:00,2022-10-07-00:00,second,0.019101745661518205,TA
ALPACAUSDT,2022-10-07-00:00,2022-10-08-00:00,first,0.01891150505994391,TA
ALPACAUSDT,2022-10-07-00:00,2022-10-08-00:00,second,0.021553755574071187,TA
ALPACAUSDT,2022-10-08-00:00,2022-10-09-00:00,first,0.04664895779389191,TA
ALPACAUSDT,2022-10-08-00:00,2022-10-09-00:00,second,0.051201080615446946,TA
ALPACAUSDT,2022-10-09-00:00,2022-10-10-00:00,first,0.041851490325261864,TA
ALPACAUSDT,2022-10-09-00:00,2022-10-10-00:00,second,0.04266963391097834,TA
ALPACAUSDT,2022-10-10-00:00,2022-10-11-00:00,first,0.02894518446708317,TA
ALPACAUSDT,2022-10-10-00:00,2022-10-11-00:00,second,0.03985808375900266,TA
ALPACAUSDT,2022-10-11-00:00,2022-10-12-00:00,first,0.03609466444009975,TA
ALPACAUSDT,2022-10-11-00:00,2022-10-12-00:00,second,0.06338945892589185,TA
ALPACAUSDT,2022-10-12-00:00,2022-10-13-00:00,first,0.03116809628680728,TA
ALPACAUSDT,2022-10-12-00:00,2022-10-13-00:00,second,0.0448959267107529,TA
ALPACAUSDT,2022-10-13-00:00,2022-10-14-00:00,first,0.02532431692172573,TA
ALPACAUSDT,2022-10-13-00:00,2022-10-14-00:00,second,0.030917745951301423,TA
ALPACAUSDT,2022-10-14-00:00,2022-10-15-00:00,first,0.03724548681841828,TA
ALPACAUSDT,2022-10-14-00:00,2022-10-15-00:00,second,0.046275055488411425,TA
ALPACAUSDT,2022-10-15-00:00,2022-10-16-00:00,first,0.03310444540800418,TA
ALPACAUSDT,2022-10-15-00:00,2022-10-16-00:00,second,0.04928612559911254,TA
ALPACAUSDT,2022-10-16-00:00,2022-10-17-00:00,first,0.023578789273766766,TA
ALPACAUSDT,2022-10-16-00:00,2022-10-17-00:00,second,0.033318913252090215,TA
ALPACAUSDT,2022-10-17-00:00,2022-10-18-00:00,first,0.021880793084769274,TA
ALPACAUSDT,2022-10-17-00:00,2022-10-18-00:00,second,0.018878935407376764,TA
ALPACAUSDT,2022-10-18-00:00,2022-10-19-00:00,first,0.044438353307055624,TA
ALPACAUSDT,2022-10-18-00:00,2022-10-19-00:00,second,0.0630742184346322,TA
ALPACAUSDT,2022-10-19-00:00,2022-10-20-00:00,first,0.024198600958226006,TA
ALPACAUSDT,2022-10-19-00:00,2022-10-20-00:00,second,0.037113004870183146,TA
ALPACAUSDT,2022-10-20-00:00,2022-10-21-00:00,first,0.03199915163255333,TA
ALPACAUSDT,2022-10-20-00:00,2022-10-21-00:00,second,0.04307985308690654,TA
ALPACAUSDT,2022-10-21-00:00,2022-10-22-00:00,first,0.02547677091611847,TA
ALPACAUSDT,2022-10-21-00:00,2022-10-22-00:00,second,0.03268459686853463,TA
ALPACAUSDT,2022-10-22-00:00,2022-10-23-00:00,first,0.02783090985041416,TA
ALPACAUSDT,2022-10-22-00:00,2022-10-23-00:00,second,0.03775965027759045,TA
ALPACAUSDT,2022-10-23-00:00,2022-10-24-00:00,first,0.018604405596844238,TA
ALPACAUSDT,2022-10-23-00:00,2022-10-24-00:00,second,0.02621960309289446,TA
ALPACAUSDT,2022-10-24-00:00,2022-10-25-00:00,first,0.02955506508875226,TA
ALPACAUSDT,2022-10-24-00:00,2022-10-25-00:00,second,0.023489036139955045,TA
ALPACAUSDT,2022-10-25-00:00,2022-10-26-00:00,first,0.03855219801851084,TA
ALPACAUSDT,2022-10-25-00:00,2022-10-26-00:00,second,0.033431446295563355,TA
ALPACAUSDT,2022-10-26-00:00,2022-10-27-00:00,first,0.018060742667860216,TA
ALPACAUSDT,2022-10-26-00:00,2022-10-27-00:00,second,0.023310234174351234,TA
ALPACAUSDT,2022-10-27-00:00,2022-10-28-00:00,first,0.021722744071964943,TA
ALPACAUSDT,2022-10-27-00:00,2022-10-28-00:00,second,0.022893740470186295,TA
ALPACAUSDT,2022-10-28-00:00,2022-10-29-00:00,first,0.026729187262874446,TA
ALPACAUSDT,2022-10-28-00:00,2022-10-29-00:00,second,0.021304593891921714,TA
ALPACAUSDT,2022-10-29-00:00,2022-10-30-00:00,first,0.022933573458505663,TA
ALPACAUSDT,2022-10-29-00:00,2022-10-30-00:00,second,0.020634013283562302,TA
ALPACAUSDT,2022-10-30-00:00,2022-10-31-00:00,first,0.02216566879013195,TA
ALPACAUSDT,2022-10-30-00:00,2022-10-31-00:00,second,0.01781456925536109,TA
ALPACAUSDT,2022-10-31-00:00,2022-11-01-00:00,first,0.02315216960134973,TA
ALPACAUSDT,2022-10-31-00:00,2022-11-01-00:00,second,0.022209580344121793,TA
ALPACAUSDT,2022-11-01-00:00,2022-11-02-00:00,first,0.0359876805978009,TA
ALPACAUSDT,2022-11-01-00:00,2022-11-02-00:00,second,0.02953754737425084,TA
ALPACAUSDT,2022-11-02-00:00,2022-11-03-00:00,first,0.033239967149753157,TA
ALPACAUSDT,2022-11-02-00:00,2022-11-03-00:00,second,0.03765961028843322,TA
ALPACAUSDT,2022-11-03-00:00,2022-11-04-00:00,first,0.030200190733877905,TA
ALPACAUSDT,2022-11-03-00:00,2022-11-04-00:00,second,0.03221277307689013,TA
ALPACAUSDT,2022-11-04-00:00,2022-11-05-00:00,first,0.031083442787334516,TA
ALPACAUSDT,2022-11-04-00:00,2022-11-05-00:00,second,0.0225200931785964,TA
ALPACAUSDT,2022-11-05-00:00,2022-11-06-00:00,first,0.031249432746975343,TA
ALPACAUSDT,2022-11-05-00:00,2022-11-06-00:00,second,0.019104745601083616,TA
ALPACAUSDT,2022-11-06-00:00,2022-11-07-00:00,first,0.03230797061943557,TA
ALPACAUSDT,2022-11-06-00:00,2022-11-07-00:00,second,0.025348566212683266,TA
ALPACAUSDT,2022-11-07-00:00,2022-11-08-00:00,first,0.022449164703341077,TA
ALPACAUSDT,2022-11-07-00:00,2022-11-08-00:00,second,0.025028992359888404,TA
ALPACAUSDT,2022-11-08-00:00,2022-11-09-00:00,first,0.02603939491747245,TA
ALPACAUSDT,2022-11-08-00:00,2022-11-09-00:00,second,0.015072400598292107,TA
ALPACAUSDT,2022-11-09-00:00,2022-11-10-00:00,first,0.01323473127993887,TA
ALPACAUSDT,2022-11-09-00:00,2022-11-10-00:00,second,0.009720656480286204,TA
ALPACAUSDT,2022-11-10-00:00,2022-11-11-00:00,first,0.011080242917402441,TA
ALPACAUSDT,2022-11-10-00:00,2022-11-11-00:00,second,0.007901808812472355,TA
ALPACAUSDT,2022-11-11-00:00,2022-11-12-00:00,first,0.01742984463019847,TA
ALPACAUSDT,2022-11-11-00:00,2022-11-12-00:00,second,0.013984485883406794,TA
ALPACAUSDT,2022-11-12-00:00,2022-11-13-00:00,first,0.03119050117977575,TA
ALPACAUSDT,2022-11-12-00:00,2022-11-13-00:00,second,0.02133679721629184,TA
ALPACAUSDT,2022-11-13-00:00,2022-11-14-00:00,first,0.03975433102493719,TA
ALPACAUSDT,2022-11-13-00:00,2022-11-14-00:00,second,0.02201537949077632,TA
ALPACAUSDT,2022-11-14-00:00,2022-11-15-00:00,first,0.03143721704871409,TA
ALPACAUSDT,2022-11-14-00:00,2022-11-15-00:00,second,0.01554727221412302,TA
ALPACAUSDT,2022-11-15-00:00,2022-11-16-00:00,first,0.04182239412595289,TA
ALPACAUSDT,2022-11-15-00:00,2022-11-16-00:00,second,0.022718349977518294,TA
ALPACAUSDT,2022-11-16-00:00,2022-11-17-00:00,first,0.043358212248027946,TA
ALPACAUSDT,2022-11-16-00:00,2022-11-17-00:00,second,0.019616406636835466,TA
ALPACAUSDT,2022-11-17-00:00,2022-11-18-00:00,first,0.05736976866577075,TA
ALPACAUSDT,2022-11-17-00:00,2022-11-18-00:00,second,0.01974982884418374,TA
ALPACAUSDT,2022-11-18-00:00,2022-11-19-00:00,first,0.05522656753012631,TA
ALPACAUSDT,2022-11-18-00:00,2022-11-19-00:00,second,0.02729600089864846,TA
ALPACAUSDT,2022-11-19-00:00,2022-11-20-00:00,first,0.06529817760173635,TA
ALPACAUSDT,2022-11-19-00:00,2022-11-20-00:00,second,0.019961584690696754,TA
ALPACAUSDT,2022-11-20-00:00,2022-11-21-00:00,first,0.041771527125358615,TA
ALPACAUSDT,2022-11-20-00:00,2022-11-21-00:00,second,0.01645346573658118,TA
ALPACAUSDT,2022-11-21-00:00,2022-11-22-00:00,first,0.03915066256533244,TA
ALPACAUSDT,2022-11-21-00:00,2022-11-22-00:00,second,0.007292804196898937,TA
ALPACAUSDT,2022-11-22-00:00,2022-11-23-00:00,first,0.048675513858653784,TA
ALPACAUSDT,2022-11-22-00:00,2022-11-23-00:00,second,0.019571061961062487,TA
ALPACAUSDT,2022-11-23-00:00,2022-11-24-00:00,first,0.03731424526997795,TA
ALPACAUSDT,2022-11-23-00:00,2022-11-24-00:00,second,0.012970950311994018,TA
ALPACAUSDT,2022-11-24-00:00,2022-11-25-00:00,first,0.04501954429850104,TA
ALPACAUSDT,2022-11-24-00:00,2022-11-25-00:00,second,0.011884258212616208,TA
ALPACAUSDT,2022-11-25-00:00,2022-11-26-00:00,first,0.05279556509912387,TA
ALPACAUSDT,2022-11-25-00:00,2022-11-26-00:00,second,0.0153501494764268,TA
ALPACAUSDT,2022-11-26-00:00,2022-11-27-00:00,first,0.04731810740675084,TA
ALPACAUSDT,2022-11-26-00:00,2022-11-27-00:00,second,0.019286032271732357,TA
ALPACAUSDT,2022-11-27-00:00,2022-11-28-00:00,first,0.039807591782833184,TA
ALPACAUSDT,2022-11-27-00:00,2022-11-28-00:00,second,0.011776302401575603,TA
ALPACAUSDT,2022-11-28-00:00,2022-11-29-00:00,first,0.04346480576836454,TA
ALPACAUSDT,2022-11-28-00:00,2022-11-29-00:00,second,0.017346972862562392,TA
ALPACAUSDT,2022-11-29-00:00,2022-11-30-00:00,first,0.038135257042528826,TA
ALPACAUSDT,2022-11-29-00:00,2022-11-30-00:00,second,0.030110557481711476,TA
ALPACAUSDT,2022-11-30-00:00,2022-12-01-00:00,first,0.03642903295502725,TA
ALPACAUSDT,2022-11-30-00:00,2022-12-01-00:00,second,0.04335384727722073,TA
ALPACAUSDT,2022-12-01-00:00,2022-12-02-00:00,first,0.006402564808184363,TA
ALPACAUSDT,2022-12-01-00:00,2022-12-02-00:00,second,0.008394463428523253,TA
ALPACAUSDT,2022-12-02-00:00,2022-12-03-00:00,first,0.023186061489204282,TA
ALPACAUSDT,2022-12-02-00:00,2022-12-03-00:00,second,0.013324889891764438,TA
ALPACAUSDT,2022-12-03-00:00,2022-12-04-00:00,first,0.025087527527417428,TA
ALPACAUSDT,2022-12-03-00:00,2022-12-04-00:00,second,0.013864122563418213,TA
ALPACAUSDT,2022-12-04-00:00,2022-12-05-00:00,first,0.011037771021098798,TA
ALPACAUSDT,2022-12-04-00:00,2022-12-05-00:00,second,0.01370239860235325,TA
ALPACAUSDT,2022-12-05-00:00,2022-12-06-00:00,first,0.021472027286332455,TA
ALPACAUSDT,2022-12-05-00:00,2022-12-06-00:00,second,0.019651855952392445,TA
ALPACAUSDT,2022-12-06-00:00,2022-12-07-00:00,first,0.018208141329647678,TA
ALPACAUSDT,2022-12-06-00:00,2022-12-07-00:00,second,0.018641952165820246,TA
ALPACAUSDT,2022-12-07-00:00,2022-12-08-00:00,first,0.03302827739429989,TA
ALPACAUSDT,2022-12-07-00:00,2022-12-08-00:00,second,0.059364077066690155,TA
ALPACAUSDT,2022-12-08-00:00,2022-12-09-00:00,first,0.03406842308431062,TA
ALPACAUSDT,2022-12-08-00:00,2022-12-09-00:00,second,0.033788108075687516,TA
ALPACAUSDT,2022-12-09-00:00,2022-12-10-00:00,first,0.03205288190695743,TA
ALPACAUSDT,2022-12-09-00:00,2022-12-10-00:00,second,0.03943629839808081,TA
ALPACAUSDT,2022-12-10-00:00,2022-12-11-00:00,first,0.034950476330496534,TA
ALPACAUSDT,2022-12-10-00:00,2022-12-11-00:00,second,0.051120750635440505,TA
ALPACAUSDT,2022-12-11-00:00,2022-12-12-00:00,first,0.03998650311385023,TA
ALPACAUSDT,2022-12-11-00:00,2022-12-12-00:00,second,0.03786529486774046,TA
ALPACAUSDT,2022-12-12-00:00,2022-12-13-00:00,first,0.04381755549628084,TA
ALPACAUSDT,2022-12-12-00:00,2022-12-13-00:00,second,0.03480317882294685,TA
ALPACAUSDT,2022-12-13-00:00,2022-12-14-00:00,first,0.02733290862757258,TA
ALPACAUSDT,2022-12-13-00:00,2022-12-14-00:00,second,0.02194980997070766,TA
ALPACAUSDT,2022-12-14-00:00,2022-12-15-00:00,first,0.035537100809865246,TA
ALPACAUSDT,2022-12-14-00:00,2022-12-15-00:00,second,0.02542163289524858,TA
ALPACAUSDT,2022-12-15-00:00,2022-12-16-00:00,first,0.016198388578264614,TA
ALPACAUSDT,2022-12-15-00:00,2022-12-16-00:00,second,0.020708128342769555,TA
ALPACAUSDT,2022-12-16-00:00,2022-12-17-00:00,first,0.03245936690609756,TA
ALPACAUSDT,2022-12-16-00:00,2022-12-17-00:00,second,0.022997175511952815,TA
ALPACAUSDT,2022-12-17-00:00,2022-12-18-00:00,first,0.017525681265271365,TA
ALPACAUSDT,2022-12-17-00:00,2022-12-18-00:00,second,0.012378834536923131,TA
ALPACAUSDT,2022-12-18-00:00,2022-12-19-00:00,first,0.013567173627722716,TA
ALPACAUSDT,2022-12-18-00:00,2022-12-19-00:00,second,0.012416183714303952,TA
ALPACAUSDT,2022-12-19-00:00,2022-12-20-00:00,first,0.021951635497370867,TA
ALPACAUSDT,2022-12-19-00:00,2022-12-20-00:00,second,0.0205284710048968,TA
ALPACAUSDT,2022-12-20-00:00,2022-12-21-00:00,first,0.024337880678136692,TA
ALPACAUSDT,2022-12-20-00:00,2022-12-21-00:00,second,0.01586675886993639,TA
ALPACAUSDT,2022-12-21-00:00,2022-12-22-00:00,first,0.03363943844793479,TA
ALPACAUSDT,2022-12-21-00:00,2022-12-22-00:00,second,0.026151779331852705,TA
ALPACAUSDT,2022-12-22-00:00,2022-12-23-00:00,first,0.03207176590961063,TA
ALPACAUSDT,2022-12-22-00:00,2022-12-23-00:00,second,0.022379297866124692,TA
ALPACAUSDT,2022-12-23-00:00,2022-12-24-00:00,first,0.04459033845735896,TA
ALPACAUSDT,2022-12-23-00:00,2022-12-24-00:00,second,0.02914482013892794,TA
ALPACAUSDT,2022-12-24-00:00,2022-12-25-00:00,first,0.06220302681531008,TA
ALPACAUSDT,2022-12-24-00:00,2022-12-25-00:00,second,0.0539745473995122,TA
ALPACAUSDT,2022-12-25-00:00,2022-12-26-00:00,first,0.03969254448852674,TA
ALPACAUSDT,2022-12-25-00:00,2022-12-26-00:00,second,0.04277481967814399,TA
ALPACAUSDT,2022-12-26-00:00,2022-12-27-00:00,first,0.03202019255387973,TA
ALPACAUSDT,2022-12-26-00:00,2022-12-27-00:00,second,0.018379014294648825,TA
ALPACAUSDT,2022-12-27-00:00,2022-12-28-00:00,first,0.05373209458276793,TA
ALPACAUSDT,2022-12-27-00:00,2022-12-28-00:00,second,0.035574015755610686,TA
ALPACAUSDT,2022-12-28-00:00,2022-12-29-00:00,first,0.046949631556749104,TA
ALPACAUSDT,2022-12-28-00:00,2022-12-29-00:00,second,0.05548026729939244,TA
ALPACAUSDT,2022-12-29-00:00,2022-12-30-00:00,first,0.0509859273629165,TA
ALPACAUSDT,2022-12-29-00:00,2022-12-30-00:00,second,0.050056843875969,TA
ALPACAUSDT,2022-12-30-00:00,2022-12-31-00:00,first,0.05974536800246614,TA
ALPACAUSDT,2022-12-30-00:00,2022-12-31-00:00,second,0.045584082688219334,TA
ALPACAUSDT,2022-12-31-00:00,2023-01-01-00:00,first,0.063100053664482,TA
ALPACAUSDT,2022-12-31-00:00,2023-01-01-00:00,second,0.05186383239971605,TA
