symbol,start_date,end_date,actual_frequencies,digit_type,target
KRW-AXS,2023-12-31-00:00,2024-01-01-00:00,"[0.34, 0.1825, 0.0725, 0.0925, 0.135, 0.0575, 0.0225, 0.0475, 0.05]",first,TA
KRW-AXS,2023-12-31-00:00,2024-01-01-00:00,"[0.16, 0.1225, 0.15, 0.0975, 0.1, 0.055, 0.0675, 0.0575, 0.12, 0.07]",second,TA
KRW-AXS,2023-12-30-00:00,2023-12-31-00:00,"[0.3375, 0.17, 0.0875, 0.0775, 0.145, 0.0675, 0.03, 0.035, 0.05]",first,TA
KRW-AXS,2023-12-30-00:00,2023-12-31-00:00,"[0.2125, 0.085, 0.09, 0.0875, 0.0775, 0.06, 0.0725, 0.12, 0.1, 0.095]",second,TA
KRW-AXS,2023-12-29-00:00,2023-12-30-00:00,"[0.305, 0.1975, 0.1075, 0.08, 0.08, 0.06, 0.06, 0.05, 0.06]",first,TA
KRW-AXS,2023-12-29-00:00,2023-12-30-00:00,"[0.155, 0.1175, 0.1075, 0.0725, 0.1075, 0.065, 0.095, 0.095, 0.09, 0.095]",second,TA
KRW-AXS,2023-12-28-00:00,2023-12-29-00:00,"[0.2875, 0.2125, 0.1175, 0.0775, 0.08, 0.0775, 0.0575, 0.0475, 0.0425]",first,TA
KRW-AXS,2023-12-28-00:00,2023-12-29-00:00,"[0.1375, 0.0975, 0.185, 0.075, 0.0925, 0.08, 0.0975, 0.0625, 0.0725, 0.1]",second,TA
KRW-AXS,2023-12-27-00:00,2023-12-28-00:00,"[0.295, 0.1575, 0.1275, 0.11, 0.1075, 0.075, 0.0525, 0.0275, 0.0475]",first,TA
KRW-AXS,2023-12-27-00:00,2023-12-28-00:00,"[0.1475, 0.105, 0.1225, 0.1125, 0.1075, 0.085, 0.0725, 0.0925, 0.075, 0.08]",second,TA
KRW-AXS,2023-12-26-00:00,2023-12-27-00:00,"[0.3025, 0.1975, 0.1225, 0.09, 0.0675, 0.09, 0.0425, 0.0375, 0.05]",first,TA
KRW-AXS,2023-12-26-00:00,2023-12-27-00:00,"[0.1375, 0.125, 0.11, 0.09, 0.1075, 0.085, 0.1025, 0.09, 0.07, 0.0825]",second,TA
KRW-AXS,2023-12-25-00:00,2023-12-26-00:00,"[0.33, 0.21, 0.14, 0.08, 0.06, 0.0525, 0.06, 0.0225, 0.045]",first,TA
KRW-AXS,2023-12-25-00:00,2023-12-26-00:00,"[0.1375, 0.1125, 0.09, 0.1125, 0.0625, 0.095, 0.1, 0.1, 0.0775, 0.1125]",second,TA
KRW-AXS,2023-12-24-00:00,2023-12-25-00:00,"[0.35, 0.1825, 0.0725, 0.0875, 0.1, 0.0525, 0.0475, 0.0475, 0.06]",first,TA
KRW-AXS,2023-12-24-00:00,2023-12-25-00:00,"[0.1575, 0.13, 0.105, 0.0825, 0.0825, 0.11, 0.0725, 0.1, 0.0725, 0.0875]",second,TA
KRW-AXS,2023-12-23-00:00,2023-12-24-00:00,"[0.375, 0.1275, 0.095, 0.1075, 0.09, 0.0575, 0.0625, 0.035, 0.05]",first,TA
KRW-AXS,2023-12-23-00:00,2023-12-24-00:00,"[0.22, 0.09, 0.0975, 0.09, 0.1, 0.08, 0.08, 0.0975, 0.07, 0.075]",second,TA
KRW-AXS,2023-12-22-00:00,2023-12-23-00:00,"[0.3975, 0.1175, 0.1025, 0.095, 0.115, 0.0625, 0.0275, 0.035, 0.0475]",first,TA
KRW-AXS,2023-12-22-00:00,2023-12-23-00:00,"[0.2275, 0.09, 0.085, 0.085, 0.0975, 0.0925, 0.0825, 0.1175, 0.05, 0.0725]",second,TA
KRW-AXS,2023-12-21-00:00,2023-12-22-00:00,"[0.3875, 0.14, 0.1325, 0.0975, 0.0975, 0.0225, 0.0425, 0.0425, 0.0375]",first,TA
KRW-AXS,2023-12-21-00:00,2023-12-22-00:00,"[0.1575, 0.1225, 0.095, 0.085, 0.0925, 0.0875, 0.085, 0.13, 0.0525, 0.0925]",second,TA
KRW-AXS,2023-12-20-00:00,2023-12-21-00:00,"[0.3825, 0.1725, 0.1325, 0.0725, 0.07, 0.05, 0.0525, 0.025, 0.0425]",first,TA
KRW-AXS,2023-12-20-00:00,2023-12-21-00:00,"[0.13, 0.0975, 0.095, 0.095, 0.12, 0.09, 0.115, 0.0925, 0.0875, 0.0775]",second,TA
KRW-AXS,2023-12-19-00:00,2023-12-20-00:00,"[0.3525, 0.15, 0.115, 0.08, 0.0725, 0.055, 0.06, 0.06, 0.055]",first,TA
KRW-AXS,2023-12-19-00:00,2023-12-20-00:00,"[0.1625, 0.1075, 0.1025, 0.0675, 0.11, 0.1, 0.1025, 0.0625, 0.07, 0.115]",second,TA
KRW-AXS,2023-12-18-00:00,2023-12-19-00:00,"[0.35, 0.1175, 0.1125, 0.0925, 0.085, 0.0625, 0.0625, 0.04, 0.0775]",first,TA
KRW-AXS,2023-12-18-00:00,2023-12-19-00:00,"[0.1775, 0.11, 0.08, 0.0975, 0.1025, 0.09, 0.0775, 0.0825, 0.075, 0.1075]",second,TA
KRW-AXS,2023-12-17-00:00,2023-12-18-00:00,"[0.355, 0.115, 0.1025, 0.085, 0.105, 0.09, 0.0525, 0.0475, 0.0475]",first,TA
KRW-AXS,2023-12-17-00:00,2023-12-18-00:00,"[0.11, 0.11, 0.1, 0.105, 0.1125, 0.085, 0.11, 0.1225, 0.0575, 0.0875]",second,TA
KRW-AXS,2023-12-16-00:00,2023-12-17-00:00,"[0.365, 0.1425, 0.1225, 0.0875, 0.0875, 0.0675, 0.0475, 0.045, 0.035]",first,TA
KRW-AXS,2023-12-16-00:00,2023-12-17-00:00,"[0.165, 0.0825, 0.095, 0.095, 0.1, 0.1, 0.06, 0.1175, 0.0625, 0.1225]",second,TA
KRW-AXS,2023-12-15-00:00,2023-12-16-00:00,"[0.395, 0.135, 0.1, 0.095, 0.09, 0.0725, 0.05, 0.045, 0.0175]",first,TA
KRW-AXS,2023-12-15-00:00,2023-12-16-00:00,"[0.1425, 0.1025, 0.1075, 0.0675, 0.0725, 0.1025, 0.085, 0.1375, 0.0775, 0.105]",second,TA
KRW-AXS,2023-12-14-00:00,2023-12-15-00:00,"[0.3375, 0.1725, 0.1, 0.11, 0.075, 0.075, 0.035, 0.0525, 0.0425]",first,TA
KRW-AXS,2023-12-14-00:00,2023-12-15-00:00,"[0.1775, 0.09, 0.11, 0.1075, 0.08, 0.08, 0.0675, 0.1075, 0.0875, 0.0925]",second,TA
KRW-AXS,2023-12-13-00:00,2023-12-14-00:00,"[0.355, 0.1475, 0.1275, 0.105, 0.0825, 0.045, 0.0375, 0.045, 0.055]",first,TA
KRW-AXS,2023-12-13-00:00,2023-12-14-00:00,"[0.1425, 0.095, 0.0775, 0.07, 0.0875, 0.135, 0.1125, 0.1025, 0.065, 0.1125]",second,TA
KRW-AXS,2023-12-12-00:00,2023-12-13-00:00,"[0.305, 0.14, 0.1325, 0.0975, 0.085, 0.0725, 0.0775, 0.045, 0.045]",first,TA
KRW-AXS,2023-12-12-00:00,2023-12-13-00:00,"[0.145, 0.1275, 0.09, 0.0925, 0.0775, 0.0825, 0.06, 0.12, 0.085, 0.12]",second,TA
KRW-AXS,2023-12-11-00:00,2023-12-12-00:00,"[0.3975, 0.1525, 0.1175, 0.115, 0.06, 0.065, 0.03, 0.0275, 0.035]",first,TA
KRW-AXS,2023-12-11-00:00,2023-12-12-00:00,"[0.175, 0.085, 0.09, 0.0975, 0.0775, 0.105, 0.085, 0.125, 0.085, 0.075]",second,TA
KRW-AXS,2023-12-10-00:00,2023-12-11-00:00,"[0.355, 0.1875, 0.13, 0.0825, 0.0775, 0.06, 0.04, 0.03, 0.0375]",first,TA
KRW-AXS,2023-12-10-00:00,2023-12-11-00:00,"[0.145, 0.105, 0.0975, 0.0975, 0.115, 0.0825, 0.075, 0.1, 0.1025, 0.08]",second,TA
KRW-AXS,2023-12-09-00:00,2023-12-10-00:00,"[0.315, 0.1325, 0.1375, 0.0975, 0.0825, 0.065, 0.07, 0.065, 0.035]",first,TA
KRW-AXS,2023-12-09-00:00,2023-12-10-00:00,"[0.1475, 0.1175, 0.085, 0.1075, 0.115, 0.08, 0.0925, 0.1125, 0.05, 0.0925]",second,TA
KRW-AXS,2023-12-08-00:00,2023-12-09-00:00,"[0.3525, 0.17, 0.0875, 0.0875, 0.105, 0.0575, 0.0475, 0.0375, 0.055]",first,TA
KRW-AXS,2023-12-08-00:00,2023-12-09-00:00,"[0.17, 0.1025, 0.095, 0.1, 0.09, 0.105, 0.1025, 0.0725, 0.07, 0.0925]",second,TA
KRW-AXS,2023-12-07-00:00,2023-12-08-00:00,"[0.2875, 0.1425, 0.1225, 0.1, 0.09, 0.06, 0.055, 0.0575, 0.085]",first,TA
KRW-AXS,2023-12-07-00:00,2023-12-08-00:00,"[0.1625, 0.1025, 0.0775, 0.09, 0.08, 0.1275, 0.0875, 0.0725, 0.0825, 0.1175]",second,TA
KRW-AXS,2023-12-06-00:00,2023-12-07-00:00,"[0.3375, 0.155, 0.0925, 0.11, 0.085, 0.0675, 0.0325, 0.05, 0.07]",first,TA
KRW-AXS,2023-12-06-00:00,2023-12-07-00:00,"[0.15, 0.1, 0.11, 0.0925, 0.0775, 0.105, 0.1, 0.0925, 0.0725, 0.1]",second,TA
KRW-AXS,2023-12-05-00:00,2023-12-06-00:00,"[0.3525, 0.185, 0.12, 0.0975, 0.07, 0.0425, 0.05, 0.035, 0.0475]",first,TA
KRW-AXS,2023-12-05-00:00,2023-12-06-00:00,"[0.1475, 0.0975, 0.09, 0.1, 0.0825, 0.1125, 0.095, 0.09, 0.075, 0.11]",second,TA
KRW-AXS,2023-12-04-00:00,2023-12-05-00:00,"[0.3425, 0.1575, 0.1175, 0.0925, 0.095, 0.0825, 0.015, 0.0525, 0.045]",first,TA
KRW-AXS,2023-12-04-00:00,2023-12-05-00:00,"[0.155, 0.13, 0.09, 0.09, 0.0975, 0.075, 0.075, 0.11, 0.0925, 0.085]",second,TA
KRW-AXS,2023-12-03-00:00,2023-12-04-00:00,"[0.345, 0.1825, 0.0825, 0.0975, 0.09, 0.0675, 0.0425, 0.0375, 0.055]",first,TA
KRW-AXS,2023-12-03-00:00,2023-12-04-00:00,"[0.1125, 0.1175, 0.11, 0.1125, 0.11, 0.105, 0.08, 0.0925, 0.0625, 0.0975]",second,TA
KRW-AXS,2023-12-02-00:00,2023-12-03-00:00,"[0.37, 0.1625, 0.1, 0.0775, 0.105, 0.0325, 0.05, 0.06, 0.0425]",first,TA
KRW-AXS,2023-12-02-00:00,2023-12-03-00:00,"[0.1425, 0.0975, 0.11, 0.08, 0.1125, 0.1275, 0.1, 0.0775, 0.065, 0.0875]",second,TA
KRW-AXS,2023-12-01-00:00,2023-12-02-00:00,"[0.325, 0.2, 0.1, 0.07, 0.0975, 0.0525, 0.05, 0.055, 0.05]",first,TA
KRW-AXS,2023-12-01-00:00,2023-12-02-00:00,"[0.115, 0.105, 0.1, 0.0875, 0.1425, 0.1325, 0.09, 0.0825, 0.0675, 0.0775]",second,TA
KRW-AXS,2023-11-30-00:00,2023-12-01-00:00,"[0.2825, 0.165, 0.0975, 0.0875, 0.1375, 0.07, 0.0525, 0.0575, 0.05]",first,TA
KRW-AXS,2023-11-30-00:00,2023-12-01-00:00,"[0.16, 0.0925, 0.1275, 0.0925, 0.1125, 0.09, 0.09, 0.06, 0.08, 0.095]",second,TA
KRW-AXS,2023-11-29-00:00,2023-11-30-00:00,"[0.3925, 0.135, 0.0675, 0.1075, 0.085, 0.06, 0.055, 0.0675, 0.03]",first,TA
KRW-AXS,2023-11-29-00:00,2023-11-30-00:00,"[0.135, 0.0975, 0.11, 0.1025, 0.0975, 0.0925, 0.09, 0.09, 0.0975, 0.0875]",second,TA
KRW-AXS,2023-11-28-00:00,2023-11-29-00:00,"[0.315, 0.175, 0.1175, 0.0925, 0.075, 0.06, 0.0625, 0.045, 0.0575]",first,TA
KRW-AXS,2023-11-28-00:00,2023-11-29-00:00,"[0.1125, 0.115, 0.1, 0.115, 0.12, 0.12, 0.09, 0.07, 0.0975, 0.06]",second,TA
KRW-AXS,2023-11-27-00:00,2023-11-28-00:00,"[0.3075, 0.175, 0.135, 0.1125, 0.0875, 0.055, 0.0425, 0.0425, 0.0425]",first,TA
KRW-AXS,2023-11-27-00:00,2023-11-28-00:00,"[0.12, 0.1275, 0.09, 0.095, 0.0925, 0.0975, 0.115, 0.0875, 0.0875, 0.0875]",second,TA
KRW-AXS,2023-11-26-00:00,2023-11-27-00:00,"[0.3375, 0.165, 0.1275, 0.0975, 0.085, 0.0625, 0.055, 0.0475, 0.0225]",first,TA
KRW-AXS,2023-11-26-00:00,2023-11-27-00:00,"[0.125, 0.1175, 0.1075, 0.1125, 0.115, 0.0975, 0.0925, 0.085, 0.055, 0.0925]",second,TA
KRW-AXS,2023-11-25-00:00,2023-11-26-00:00,"[0.3475, 0.2025, 0.1225, 0.0875, 0.0575, 0.04, 0.045, 0.0525, 0.045]",first,TA
KRW-AXS,2023-11-25-00:00,2023-11-26-00:00,"[0.19, 0.0725, 0.12, 0.125, 0.105, 0.075, 0.0725, 0.09, 0.06, 0.09]",second,TA
KRW-AXS,2023-11-24-00:00,2023-11-25-00:00,"[0.39, 0.1625, 0.125, 0.065, 0.08, 0.05, 0.055, 0.0325, 0.04]",first,TA
KRW-AXS,2023-11-24-00:00,2023-11-25-00:00,"[0.1575, 0.1125, 0.1425, 0.125, 0.1075, 0.0575, 0.0575, 0.075, 0.055, 0.11]",second,TA
KRW-AXS,2023-11-23-00:00,2023-11-24-00:00,"[0.3925, 0.135, 0.1075, 0.09, 0.1025, 0.0575, 0.0375, 0.0175, 0.06]",first,TA
KRW-AXS,2023-11-23-00:00,2023-11-24-00:00,"[0.1375, 0.1125, 0.155, 0.125, 0.0975, 0.0775, 0.055, 0.0825, 0.05, 0.1075]",second,TA
KRW-AXS,2023-11-22-00:00,2023-11-23-00:00,"[0.3475, 0.1725, 0.1175, 0.0625, 0.0875, 0.06, 0.075, 0.0375, 0.04]",first,TA
KRW-AXS,2023-11-22-00:00,2023-11-23-00:00,"[0.135, 0.1, 0.11, 0.1325, 0.1075, 0.085, 0.075, 0.0975, 0.0775, 0.08]",second,TA
KRW-AXS,2023-11-21-00:00,2023-11-22-00:00,"[0.385, 0.17, 0.135, 0.0775, 0.0625, 0.0525, 0.04, 0.0425, 0.035]",first,TA
KRW-AXS,2023-11-21-00:00,2023-11-22-00:00,"[0.145, 0.0775, 0.14, 0.125, 0.135, 0.0775, 0.0675, 0.0825, 0.0675, 0.0825]",second,TA
KRW-AXS,2023-11-20-00:00,2023-11-21-00:00,"[0.37, 0.1725, 0.1275, 0.1025, 0.0725, 0.0425, 0.0275, 0.0325, 0.0525]",first,TA
KRW-AXS,2023-11-20-00:00,2023-11-21-00:00,"[0.16, 0.0825, 0.1225, 0.125, 0.1175, 0.09, 0.065, 0.0525, 0.095, 0.09]",second,TA
KRW-AXS,2023-11-19-00:00,2023-11-20-00:00,"[0.35, 0.2125, 0.12, 0.09, 0.06, 0.0625, 0.0325, 0.05, 0.0225]",first,TA
KRW-AXS,2023-11-19-00:00,2023-11-20-00:00,"[0.1475, 0.0875, 0.1325, 0.125, 0.0875, 0.1025, 0.09, 0.065, 0.085, 0.0775]",second,TA
KRW-AXS,2023-11-18-00:00,2023-11-19-00:00,"[0.3375, 0.195, 0.1, 0.0925, 0.0775, 0.04, 0.0425, 0.065, 0.05]",first,TA
KRW-AXS,2023-11-18-00:00,2023-11-19-00:00,"[0.1725, 0.1025, 0.095, 0.1325, 0.0925, 0.0925, 0.085, 0.085, 0.0675, 0.075]",second,TA
KRW-AXS,2023-11-17-00:00,2023-11-18-00:00,"[0.335, 0.1625, 0.1075, 0.1, 0.0875, 0.055, 0.045, 0.045, 0.0625]",first,TA
KRW-AXS,2023-11-17-00:00,2023-11-18-00:00,"[0.1375, 0.0975, 0.13, 0.1175, 0.12, 0.11, 0.0825, 0.0725, 0.065, 0.0675]",second,TA
KRW-AXS,2023-11-16-00:00,2023-11-17-00:00,"[0.38, 0.19, 0.1025, 0.0825, 0.055, 0.0525, 0.035, 0.0525, 0.05]",first,TA
KRW-AXS,2023-11-16-00:00,2023-11-17-00:00,"[0.19, 0.075, 0.09, 0.1175, 0.1025, 0.1225, 0.0825, 0.0775, 0.07, 0.0725]",second,TA
KRW-AXS,2023-11-15-00:00,2023-11-16-00:00,"[0.345, 0.1725, 0.1075, 0.0875, 0.085, 0.0725, 0.0425, 0.04, 0.0475]",first,TA
KRW-AXS,2023-11-15-00:00,2023-11-16-00:00,"[0.1225, 0.0825, 0.115, 0.12, 0.145, 0.0925, 0.0775, 0.0975, 0.07, 0.0775]",second,TA
KRW-AXS,2023-11-14-00:00,2023-11-15-00:00,"[0.3125, 0.165, 0.15, 0.1, 0.08, 0.0375, 0.0425, 0.07, 0.0425]",first,TA
KRW-AXS,2023-11-14-00:00,2023-11-15-00:00,"[0.1275, 0.1225, 0.12, 0.1275, 0.1025, 0.08, 0.0875, 0.0625, 0.085, 0.085]",second,TA
KRW-AXS,2023-11-13-00:00,2023-11-14-00:00,"[0.2975, 0.215, 0.0775, 0.1025, 0.0975, 0.07, 0.045, 0.055, 0.04]",first,TA
KRW-AXS,2023-11-13-00:00,2023-11-14-00:00,"[0.125, 0.1175, 0.0975, 0.0825, 0.1125, 0.095, 0.1025, 0.08, 0.0825, 0.105]",second,TA
KRW-AXS,2023-11-12-00:00,2023-11-13-00:00,"[0.335, 0.1225, 0.12, 0.1225, 0.0925, 0.055, 0.06, 0.06, 0.0325]",first,TA
KRW-AXS,2023-11-12-00:00,2023-11-13-00:00,"[0.1125, 0.075, 0.0875, 0.1125, 0.1125, 0.1125, 0.11, 0.0875, 0.0825, 0.1075]",second,TA
KRW-AXS,2023-11-11-00:00,2023-11-12-00:00,"[0.255, 0.2375, 0.13, 0.0975, 0.0925, 0.05, 0.05, 0.06, 0.0275]",first,TA
KRW-AXS,2023-11-11-00:00,2023-11-12-00:00,"[0.1425, 0.11, 0.12, 0.0825, 0.09, 0.07, 0.08, 0.0725, 0.14, 0.0925]",second,TA
KRW-AXS,2023-11-10-00:00,2023-11-11-00:00,"[0.315, 0.1625, 0.1475, 0.0975, 0.055, 0.0625, 0.065, 0.045, 0.05]",first,TA
KRW-AXS,2023-11-10-00:00,2023-11-11-00:00,"[0.125, 0.1025, 0.1, 0.0775, 0.0875, 0.1025, 0.09, 0.0825, 0.1225, 0.11]",second,TA
KRW-AXS,2023-11-09-00:00,2023-11-10-00:00,"[0.355, 0.1725, 0.1225, 0.08, 0.08, 0.0425, 0.0425, 0.0675, 0.0375]",first,TA
KRW-AXS,2023-11-09-00:00,2023-11-10-00:00,"[0.1475, 0.1425, 0.0925, 0.1075, 0.0875, 0.0825, 0.09, 0.0775, 0.08, 0.0925]",second,TA
KRW-AXS,2023-11-08-00:00,2023-11-09-00:00,"[0.2925, 0.195, 0.16, 0.07, 0.0825, 0.06, 0.06, 0.0375, 0.0425]",first,TA
KRW-AXS,2023-11-08-00:00,2023-11-09-00:00,"[0.13, 0.1, 0.1325, 0.1125, 0.105, 0.0725, 0.11, 0.1075, 0.0625, 0.0675]",second,TA
KRW-AXS,2023-11-07-00:00,2023-11-08-00:00,"[0.3275, 0.23, 0.12, 0.0775, 0.095, 0.04, 0.05, 0.045, 0.015]",first,TA
KRW-AXS,2023-11-07-00:00,2023-11-08-00:00,"[0.115, 0.1, 0.1175, 0.1125, 0.105, 0.0975, 0.0975, 0.1, 0.0775, 0.0775]",second,TA
KRW-AXS,2023-11-06-00:00,2023-11-07-00:00,"[0.3425, 0.1675, 0.13, 0.09, 0.06, 0.065, 0.07, 0.03, 0.045]",first,TA
KRW-AXS,2023-11-06-00:00,2023-11-07-00:00,"[0.1525, 0.1175, 0.1125, 0.105, 0.125, 0.0975, 0.0925, 0.055, 0.0575, 0.085]",second,TA
KRW-AXS,2023-11-05-00:00,2023-11-06-00:00,"[0.2825, 0.205, 0.145, 0.1125, 0.0675, 0.0525, 0.0625, 0.0375, 0.035]",first,TA
KRW-AXS,2023-11-05-00:00,2023-11-06-00:00,"[0.1475, 0.125, 0.09, 0.12, 0.0975, 0.1125, 0.09, 0.085, 0.055, 0.0775]",second,TA
KRW-AXS,2023-11-04-00:00,2023-11-05-00:00,"[0.34, 0.175, 0.1425, 0.0675, 0.0675, 0.07, 0.055, 0.035, 0.0475]",first,TA
KRW-AXS,2023-11-04-00:00,2023-11-05-00:00,"[0.18, 0.1175, 0.0875, 0.0975, 0.1325, 0.0775, 0.09, 0.0725, 0.08, 0.065]",second,TA
KRW-AXS,2023-11-03-00:00,2023-11-04-00:00,"[0.3325, 0.19, 0.1625, 0.065, 0.0575, 0.055, 0.07, 0.0275, 0.04]",first,TA
KRW-AXS,2023-11-03-00:00,2023-11-04-00:00,"[0.135, 0.135, 0.0925, 0.0775, 0.115, 0.1175, 0.0875, 0.055, 0.0825, 0.1025]",second,TA
KRW-AXS,2023-11-02-00:00,2023-11-03-00:00,"[0.285, 0.1725, 0.1425, 0.1075, 0.0725, 0.0725, 0.0725, 0.0325, 0.0425]",first,TA
KRW-AXS,2023-11-02-00:00,2023-11-03-00:00,"[0.115, 0.1275, 0.11, 0.0925, 0.11, 0.1075, 0.08, 0.0725, 0.1, 0.085]",second,TA
KRW-AXS,2023-11-01-00:00,2023-11-02-00:00,"[0.255, 0.1975, 0.1225, 0.0775, 0.1275, 0.0875, 0.035, 0.0375, 0.06]",first,TA
KRW-AXS,2023-11-01-00:00,2023-11-02-00:00,"[0.15, 0.0975, 0.0975, 0.1175, 0.1025, 0.065, 0.075, 0.105, 0.09, 0.1]",second,TA
KRW-AXS,2023-10-31-00:00,2023-11-01-00:00,"[0.31, 0.1975, 0.15, 0.06, 0.08, 0.0575, 0.05, 0.0425, 0.0525]",first,TA
KRW-AXS,2023-10-31-00:00,2023-11-01-00:00,"[0.1325, 0.09, 0.12, 0.135, 0.0775, 0.115, 0.11, 0.08, 0.075, 0.065]",second,TA
KRW-AXS,2023-10-30-00:00,2023-10-31-00:00,"[0.2625, 0.1375, 0.1325, 0.1225, 0.0975, 0.085, 0.055, 0.05, 0.0575]",first,TA
KRW-AXS,2023-10-30-00:00,2023-10-31-00:00,"[0.1325, 0.0975, 0.09, 0.105, 0.09, 0.0825, 0.11, 0.0975, 0.0825, 0.1125]",second,TA
KRW-AXS,2023-10-29-00:00,2023-10-30-00:00,"[0.295, 0.2025, 0.1225, 0.0975, 0.09, 0.055, 0.0575, 0.0425, 0.0375]",first,TA
KRW-AXS,2023-10-29-00:00,2023-10-30-00:00,"[0.115, 0.12, 0.125, 0.1025, 0.0875, 0.1, 0.0875, 0.0975, 0.08, 0.085]",second,TA
KRW-AXS,2023-10-28-00:00,2023-10-29-00:00,"[0.3325, 0.19, 0.155, 0.0825, 0.065, 0.05, 0.02, 0.0325, 0.0725]",first,TA
KRW-AXS,2023-10-28-00:00,2023-10-29-00:00,"[0.2325, 0.155, 0.11, 0.065, 0.065, 0.095, 0.065, 0.0575, 0.0775, 0.0775]",second,TA
KRW-AXS,2023-10-27-00:00,2023-10-28-00:00,"[0.32, 0.1775, 0.1275, 0.0625, 0.1175, 0.045, 0.0625, 0.04, 0.0475]",first,TA
KRW-AXS,2023-10-27-00:00,2023-10-28-00:00,"[0.165, 0.1125, 0.0925, 0.08, 0.09, 0.1025, 0.085, 0.075, 0.09, 0.1075]",second,TA
KRW-AXS,2023-10-26-00:00,2023-10-27-00:00,"[0.3225, 0.1725, 0.095, 0.05, 0.115, 0.0625, 0.0575, 0.0425, 0.0825]",first,TA
KRW-AXS,2023-10-26-00:00,2023-10-27-00:00,"[0.145, 0.1375, 0.0875, 0.0875, 0.1025, 0.095, 0.0825, 0.075, 0.085, 0.1025]",second,TA
KRW-AXS,2023-10-25-00:00,2023-10-26-00:00,"[0.2975, 0.2275, 0.1175, 0.065, 0.075, 0.085, 0.0375, 0.035, 0.06]",first,TA
KRW-AXS,2023-10-25-00:00,2023-10-26-00:00,"[0.2125, 0.125, 0.14, 0.085, 0.0725, 0.0825, 0.08, 0.0625, 0.0425, 0.0975]",second,TA
KRW-AXS,2023-10-24-00:00,2023-10-25-00:00,"[0.315, 0.2175, 0.1175, 0.08, 0.0725, 0.065, 0.02, 0.0375, 0.075]",first,TA
KRW-AXS,2023-10-24-00:00,2023-10-25-00:00,"[0.2125, 0.14, 0.1075, 0.0975, 0.0725, 0.0925, 0.075, 0.0425, 0.0675, 0.0925]",second,TA
KRW-AXS,2023-10-23-00:00,2023-10-24-00:00,"[0.2975, 0.22, 0.1025, 0.06, 0.075, 0.0525, 0.045, 0.0575, 0.09]",first,TA
KRW-AXS,2023-10-23-00:00,2023-10-24-00:00,"[0.215, 0.0925, 0.07, 0.08, 0.0775, 0.1, 0.075, 0.0625, 0.105, 0.1225]",second,TA
KRW-AXS,2023-10-22-00:00,2023-10-23-00:00,"[0.305, 0.225, 0.09, 0.06, 0.0675, 0.06, 0.05, 0.0625, 0.08]",first,TA
KRW-AXS,2023-10-22-00:00,2023-10-23-00:00,"[0.2025, 0.095, 0.065, 0.0875, 0.0625, 0.0725, 0.07, 0.0925, 0.1275, 0.125]",second,TA
KRW-AXS,2023-10-21-00:00,2023-10-22-00:00,"[0.2725, 0.24, 0.1, 0.085, 0.0575, 0.04, 0.045, 0.0875, 0.0725]",first,TA
KRW-AXS,2023-10-21-00:00,2023-10-22-00:00,"[0.12, 0.1, 0.0625, 0.0675, 0.095, 0.075, 0.0925, 0.1425, 0.1275, 0.1175]",second,TA
KRW-AXS,2023-10-20-00:00,2023-10-21-00:00,"[0.2525, 0.2575, 0.105, 0.07, 0.06, 0.0525, 0.0525, 0.075, 0.075]",first,TA
KRW-AXS,2023-10-20-00:00,2023-10-21-00:00,"[0.125, 0.11, 0.08, 0.0875, 0.0825, 0.055, 0.0825, 0.1275, 0.135, 0.115]",second,TA
KRW-AXS,2023-10-19-00:00,2023-10-20-00:00,"[0.275, 0.24, 0.13, 0.045, 0.085, 0.045, 0.04, 0.065, 0.075]",first,TA
KRW-AXS,2023-10-19-00:00,2023-10-20-00:00,"[0.12, 0.11, 0.09, 0.105, 0.07, 0.065, 0.085, 0.105, 0.135, 0.115]",second,TA
KRW-AXS,2023-10-18-00:00,2023-10-19-00:00,"[0.29, 0.2125, 0.0975, 0.065, 0.0825, 0.045, 0.05, 0.0575, 0.1]",first,TA
KRW-AXS,2023-10-18-00:00,2023-10-19-00:00,"[0.145, 0.08, 0.0825, 0.1225, 0.11, 0.0475, 0.0875, 0.1075, 0.1125, 0.105]",second,TA
KRW-AXS,2023-10-17-00:00,2023-10-18-00:00,"[0.2575, 0.2225, 0.11, 0.0675, 0.0925, 0.0375, 0.05, 0.06, 0.1025]",first,TA
KRW-AXS,2023-10-17-00:00,2023-10-18-00:00,"[0.145, 0.0825, 0.0925, 0.11, 0.105, 0.0825, 0.085, 0.0825, 0.0925, 0.1225]",second,TA
KRW-AXS,2023-10-16-00:00,2023-10-17-00:00,"[0.225, 0.2875, 0.1075, 0.0875, 0.1, 0.04, 0.0175, 0.06, 0.075]",first,TA
KRW-AXS,2023-10-16-00:00,2023-10-17-00:00,"[0.125, 0.09, 0.1125, 0.0875, 0.1275, 0.0825, 0.0675, 0.0925, 0.0825, 0.1325]",second,TA
KRW-AXS,2023-10-15-00:00,2023-10-16-00:00,"[0.255, 0.3125, 0.1175, 0.085, 0.0925, 0.035, 0.0125, 0.045, 0.045]",first,TA
KRW-AXS,2023-10-15-00:00,2023-10-16-00:00,"[0.1325, 0.0925, 0.1075, 0.08, 0.1575, 0.0725, 0.0525, 0.1125, 0.105, 0.0875]",second,TA
KRW-AXS,2023-10-14-00:00,2023-10-15-00:00,"[0.245, 0.235, 0.15, 0.0875, 0.0925, 0.05, 0.035, 0.0375, 0.0675]",first,TA
KRW-AXS,2023-10-14-00:00,2023-10-15-00:00,"[0.105, 0.1025, 0.1075, 0.1225, 0.105, 0.0775, 0.075, 0.1025, 0.12, 0.0825]",second,TA
KRW-AXS,2023-10-13-00:00,2023-10-14-00:00,"[0.21, 0.3225, 0.125, 0.0975, 0.0725, 0.0225, 0.0375, 0.0575, 0.055]",first,TA
KRW-AXS,2023-10-13-00:00,2023-10-14-00:00,"[0.0875, 0.095, 0.0825, 0.1375, 0.16, 0.0725, 0.0825, 0.105, 0.115, 0.0625]",second,TA
KRW-AXS,2023-10-12-00:00,2023-10-13-00:00,"[0.24, 0.285, 0.0875, 0.085, 0.08, 0.0425, 0.0375, 0.06, 0.0825]",first,TA
KRW-AXS,2023-10-12-00:00,2023-10-13-00:00,"[0.1025, 0.0925, 0.0975, 0.105, 0.135, 0.065, 0.07, 0.1375, 0.095, 0.1]",second,TA
KRW-AXS,2023-10-11-00:00,2023-10-12-00:00,"[0.3, 0.25, 0.085, 0.06, 0.11, 0.045, 0.02, 0.04, 0.09]",first,TA
KRW-AXS,2023-10-11-00:00,2023-10-12-00:00,"[0.135, 0.095, 0.095, 0.06, 0.075, 0.06, 0.065, 0.175, 0.1, 0.14]",second,TA
KRW-AXS,2023-10-10-00:00,2023-10-11-00:00,"[0.315, 0.215, 0.105, 0.065, 0.1, 0.0525, 0.0475, 0.0575, 0.0425]",first,TA
KRW-AXS,2023-10-10-00:00,2023-10-11-00:00,"[0.175, 0.1125, 0.0625, 0.0825, 0.09, 0.08, 0.085, 0.0875, 0.1125, 0.1125]",second,TA
KRW-AXS,2023-10-09-00:00,2023-10-10-00:00,"[0.2975, 0.1975, 0.115, 0.05, 0.1025, 0.06, 0.05, 0.055, 0.0725]",first,TA
KRW-AXS,2023-10-09-00:00,2023-10-10-00:00,"[0.18, 0.1025, 0.1, 0.0825, 0.0825, 0.1025, 0.0625, 0.0775, 0.105, 0.105]",second,TA
KRW-AXS,2023-10-08-00:00,2023-10-09-00:00,"[0.27, 0.175, 0.11, 0.06, 0.085, 0.055, 0.075, 0.055, 0.115]",first,TA
KRW-AXS,2023-10-08-00:00,2023-10-09-00:00,"[0.225, 0.11, 0.095, 0.08, 0.085, 0.08, 0.05, 0.065, 0.11, 0.1]",second,TA
KRW-AXS,2023-10-07-00:00,2023-10-08-00:00,"[0.32, 0.185, 0.13, 0.09, 0.07, 0.04, 0.055, 0.05, 0.06]",first,TA
KRW-AXS,2023-10-07-00:00,2023-10-08-00:00,"[0.195, 0.13, 0.12, 0.08, 0.055, 0.08, 0.045, 0.06, 0.095, 0.14]",second,TA
KRW-AXS,2023-10-06-00:00,2023-10-07-00:00,"[0.31, 0.21, 0.12, 0.035, 0.095, 0.065, 0.04, 0.03, 0.095]",first,TA
KRW-AXS,2023-10-06-00:00,2023-10-07-00:00,"[0.235, 0.1, 0.115, 0.045, 0.13, 0.06, 0.055, 0.08, 0.1, 0.08]",second,TA
KRW-AXS,2023-10-05-00:00,2023-10-06-00:00,"[0.315, 0.24, 0.06, 0.055, 0.095, 0.085, 0.03, 0.05, 0.07]",first,TA
KRW-AXS,2023-10-05-00:00,2023-10-06-00:00,"[0.25, 0.095, 0.105, 0.045, 0.11, 0.085, 0.045, 0.055, 0.12, 0.09]",second,TA
KRW-AXS,2023-10-04-00:00,2023-10-05-00:00,"[0.33, 0.2875, 0.085, 0.04, 0.0825, 0.07, 0.0375, 0.0225, 0.045]",first,TA
KRW-AXS,2023-10-04-00:00,2023-10-05-00:00,"[0.175, 0.0775, 0.165, 0.0475, 0.075, 0.1025, 0.1225, 0.0625, 0.0725, 0.1]",second,TA
KRW-AXS,2023-10-03-00:00,2023-10-04-00:00,"[0.345, 0.2725, 0.07, 0.0875, 0.0675, 0.045, 0.0425, 0.0275, 0.0425]",first,TA
KRW-AXS,2023-10-03-00:00,2023-10-04-00:00,"[0.13, 0.1025, 0.22, 0.0425, 0.065, 0.0875, 0.125, 0.0825, 0.05, 0.095]",second,TA
KRW-AXS,2023-10-02-00:00,2023-10-03-00:00,"[0.35, 0.17, 0.1225, 0.065, 0.0975, 0.0525, 0.0575, 0.0375, 0.0475]",first,TA
KRW-AXS,2023-10-02-00:00,2023-10-03-00:00,"[0.225, 0.1375, 0.13, 0.0825, 0.0625, 0.0725, 0.08, 0.0625, 0.065, 0.0825]",second,TA
KRW-AXS,2023-10-01-00:00,2023-10-02-00:00,"[0.2875, 0.245, 0.09, 0.0575, 0.085, 0.0825, 0.0625, 0.025, 0.065]",first,TA
KRW-AXS,2023-10-01-00:00,2023-10-02-00:00,"[0.19, 0.1575, 0.115, 0.075, 0.08, 0.075, 0.045, 0.05, 0.08, 0.1325]",second,TA
KRW-AXS,2023-09-30-00:00,2023-10-01-00:00,"[0.26, 0.26, 0.085, 0.055, 0.11, 0.09, 0.045, 0.015, 0.08]",first,TA
KRW-AXS,2023-09-30-00:00,2023-10-01-00:00,"[0.16, 0.145, 0.11, 0.055, 0.11, 0.085, 0.05, 0.05, 0.08, 0.155]",second,TA
KRW-AXS,2023-09-29-00:00,2023-09-30-00:00,"[0.295, 0.21, 0.105, 0.045, 0.095, 0.085, 0.06, 0.035, 0.07]",first,TA
KRW-AXS,2023-09-29-00:00,2023-09-30-00:00,"[0.23, 0.095, 0.09, 0.08, 0.075, 0.095, 0.055, 0.05, 0.1, 0.13]",second,TA
KRW-AXS,2023-09-28-00:00,2023-09-29-00:00,"[0.3025, 0.1925, 0.1325, 0.0625, 0.09, 0.0975, 0.0375, 0.035, 0.05]",first,TA
KRW-AXS,2023-09-28-00:00,2023-09-29-00:00,"[0.2575, 0.1, 0.0975, 0.0875, 0.0725, 0.085, 0.06, 0.0625, 0.0925, 0.085]",second,TA
KRW-AXS,2023-09-27-00:00,2023-09-28-00:00,"[0.2975, 0.2, 0.11, 0.075, 0.075, 0.1075, 0.025, 0.05, 0.06]",first,TA
KRW-AXS,2023-09-27-00:00,2023-09-28-00:00,"[0.1925, 0.11, 0.1075, 0.1075, 0.065, 0.085, 0.07, 0.0725, 0.09, 0.1]",second,TA
KRW-AXS,2023-09-26-00:00,2023-09-27-00:00,"[0.3, 0.205, 0.115, 0.0675, 0.06, 0.105, 0.025, 0.07, 0.0525]",first,TA
KRW-AXS,2023-09-26-00:00,2023-09-27-00:00,"[0.1825, 0.1325, 0.12, 0.0825, 0.0625, 0.0875, 0.065, 0.065, 0.0925, 0.11]",second,TA
KRW-AXS,2023-09-25-00:00,2023-09-26-00:00,"[0.315, 0.1725, 0.115, 0.0675, 0.0725, 0.0775, 0.025, 0.065, 0.09]",first,TA
KRW-AXS,2023-09-25-00:00,2023-09-26-00:00,"[0.2125, 0.135, 0.1175, 0.07, 0.055, 0.095, 0.0725, 0.0525, 0.09, 0.1]",second,TA
KRW-AXS,2023-09-24-00:00,2023-09-25-00:00,"[0.2925, 0.1925, 0.1125, 0.0675, 0.095, 0.0775, 0.03, 0.06, 0.0725]",first,TA
KRW-AXS,2023-09-24-00:00,2023-09-25-00:00,"[0.2075, 0.1325, 0.085, 0.0875, 0.0625, 0.12, 0.0675, 0.06, 0.0675, 0.11]",second,TA
KRW-AXS,2023-09-23-00:00,2023-09-24-00:00,"[0.3, 0.22, 0.09, 0.06, 0.095, 0.08, 0.025, 0.06, 0.07]",first,TA
KRW-AXS,2023-09-23-00:00,2023-09-24-00:00,"[0.245, 0.11, 0.04, 0.07, 0.075, 0.13, 0.065, 0.08, 0.1, 0.085]",second,TA
KRW-AXS,2023-09-22-00:00,2023-09-23-00:00,"[0.35, 0.185, 0.095, 0.055, 0.075, 0.065, 0.06, 0.04, 0.075]",first,TA
KRW-AXS,2023-09-22-00:00,2023-09-23-00:00,"[0.19, 0.09, 0.055, 0.08, 0.11, 0.065, 0.11, 0.105, 0.08, 0.115]",second,TA
KRW-AXS,2023-09-21-00:00,2023-09-22-00:00,"[0.355, 0.2125, 0.115, 0.05, 0.0475, 0.0525, 0.035, 0.0475, 0.085]",first,TA
KRW-AXS,2023-09-21-00:00,2023-09-22-00:00,"[0.23, 0.1225, 0.07, 0.07, 0.07, 0.0725, 0.0475, 0.0825, 0.1125, 0.1225]",second,TA
KRW-AXS,2023-09-20-00:00,2023-09-21-00:00,"[0.365, 0.205, 0.0975, 0.0575, 0.0625, 0.05, 0.0525, 0.025, 0.085]",first,TA
KRW-AXS,2023-09-20-00:00,2023-09-21-00:00,"[0.225, 0.1275, 0.1025, 0.0625, 0.0575, 0.0825, 0.0775, 0.06, 0.0975, 0.1075]",second,TA
KRW-AXS,2023-09-19-00:00,2023-09-20-00:00,"[0.275, 0.265, 0.105, 0.07, 0.085, 0.065, 0.05, 0.015, 0.07]",first,TA
KRW-AXS,2023-09-19-00:00,2023-09-20-00:00,"[0.19, 0.135, 0.085, 0.065, 0.095, 0.085, 0.11, 0.045, 0.095, 0.095]",second,TA
KRW-AXS,2023-09-18-00:00,2023-09-19-00:00,"[0.3325, 0.1475, 0.1375, 0.05, 0.0875, 0.0825, 0.025, 0.0375, 0.1]",first,TA
KRW-AXS,2023-09-18-00:00,2023-09-19-00:00,"[0.175, 0.1075, 0.135, 0.08, 0.0625, 0.105, 0.0975, 0.065, 0.09, 0.0825]",second,TA
KRW-AXS,2023-09-17-00:00,2023-09-18-00:00,"[0.3, 0.1725, 0.1325, 0.07, 0.0675, 0.075, 0.045, 0.05, 0.0875]",first,TA
KRW-AXS,2023-09-17-00:00,2023-09-18-00:00,"[0.145, 0.135, 0.1175, 0.0775, 0.065, 0.105, 0.09, 0.085, 0.0975, 0.0825]",second,TA
KRW-AXS,2023-09-16-00:00,2023-09-17-00:00,"[0.295, 0.19, 0.15, 0.08, 0.0725, 0.065, 0.04, 0.0475, 0.06]",first,TA
KRW-AXS,2023-09-16-00:00,2023-09-17-00:00,"[0.1675, 0.145, 0.0775, 0.075, 0.0975, 0.0975, 0.085, 0.0925, 0.08, 0.0825]",second,TA
KRW-AXS,2023-09-15-00:00,2023-09-16-00:00,"[0.325, 0.2275, 0.1175, 0.0725, 0.0525, 0.0725, 0.04, 0.035, 0.0575]",first,TA
KRW-AXS,2023-09-15-00:00,2023-09-16-00:00,"[0.15, 0.11, 0.09, 0.1025, 0.0775, 0.085, 0.1175, 0.0825, 0.0875, 0.0975]",second,TA
KRW-AXS,2023-09-14-00:00,2023-09-15-00:00,"[0.34, 0.1775, 0.0925, 0.08, 0.08, 0.05, 0.0425, 0.055, 0.0825]",first,TA
KRW-AXS,2023-09-14-00:00,2023-09-15-00:00,"[0.155, 0.11, 0.095, 0.1225, 0.0825, 0.09, 0.055, 0.13, 0.085, 0.075]",second,TA
KRW-AXS,2023-09-13-00:00,2023-09-14-00:00,"[0.34, 0.1975, 0.0975, 0.0725, 0.0575, 0.0475, 0.025, 0.085, 0.0775]",first,TA
KRW-AXS,2023-09-13-00:00,2023-09-14-00:00,"[0.1725, 0.1375, 0.1025, 0.075, 0.095, 0.055, 0.06, 0.1175, 0.0975, 0.0875]",second,TA
KRW-AXS,2023-09-12-00:00,2023-09-13-00:00,"[0.3075, 0.1875, 0.105, 0.085, 0.055, 0.05, 0.0575, 0.09, 0.0625]",first,TA
KRW-AXS,2023-09-12-00:00,2023-09-13-00:00,"[0.15, 0.1125, 0.085, 0.065, 0.1025, 0.0825, 0.0825, 0.1125, 0.1075, 0.1]",second,TA
KRW-AXS,2023-09-11-00:00,2023-09-12-00:00,"[0.335, 0.16, 0.1125, 0.075, 0.065, 0.065, 0.0675, 0.075, 0.045]",first,TA
KRW-AXS,2023-09-11-00:00,2023-09-12-00:00,"[0.18, 0.09, 0.065, 0.0925, 0.0975, 0.095, 0.0675, 0.0925, 0.1125, 0.1075]",second,TA
KRW-AXS,2023-09-10-00:00,2023-09-11-00:00,"[0.37, 0.155, 0.11, 0.075, 0.07, 0.08, 0.065, 0.035, 0.04]",first,TA
KRW-AXS,2023-09-10-00:00,2023-09-11-00:00,"[0.28, 0.11, 0.08, 0.055, 0.115, 0.1, 0.045, 0.04, 0.1, 0.075]",second,TA
KRW-AXS,2023-09-09-00:00,2023-09-10-00:00,"[0.345, 0.23, 0.125, 0.035, 0.08, 0.04, 0.065, 0.03, 0.05]",first,TA
KRW-AXS,2023-09-09-00:00,2023-09-10-00:00,"[0.27, 0.1, 0.09, 0.085, 0.065, 0.045, 0.065, 0.065, 0.085, 0.13]",second,TA
KRW-AXS,2023-09-08-00:00,2023-09-09-00:00,"[0.345, 0.1725, 0.1325, 0.0625, 0.0675, 0.075, 0.045, 0.0325, 0.0675]",first,TA
KRW-AXS,2023-09-08-00:00,2023-09-09-00:00,"[0.1925, 0.1225, 0.14, 0.065, 0.075, 0.075, 0.095, 0.08, 0.0725, 0.0825]",second,TA
KRW-AXS,2023-09-07-00:00,2023-09-08-00:00,"[0.3475, 0.1625, 0.1275, 0.065, 0.0775, 0.0725, 0.055, 0.035, 0.0575]",first,TA
KRW-AXS,2023-09-07-00:00,2023-09-08-00:00,"[0.1975, 0.125, 0.1325, 0.09, 0.0475, 0.095, 0.0775, 0.08, 0.0825, 0.0725]",second,TA
KRW-AXS,2023-09-06-00:00,2023-09-07-00:00,"[0.3325, 0.2, 0.0975, 0.0725, 0.0725, 0.085, 0.0275, 0.0425, 0.07]",first,TA
KRW-AXS,2023-09-06-00:00,2023-09-07-00:00,"[0.23, 0.1125, 0.1125, 0.0825, 0.045, 0.1125, 0.0575, 0.0625, 0.0925, 0.0925]",second,TA
KRW-AXS,2023-09-05-00:00,2023-09-06-00:00,"[0.295, 0.235, 0.085, 0.07, 0.075, 0.075, 0.025, 0.045, 0.095]",first,TA
KRW-AXS,2023-09-05-00:00,2023-09-06-00:00,"[0.235, 0.09, 0.085, 0.085, 0.06, 0.105, 0.08, 0.035, 0.105, 0.12]",second,TA
KRW-AXS,2023-09-04-00:00,2023-09-05-00:00,"[0.305, 0.205, 0.0875, 0.0675, 0.0975, 0.0525, 0.055, 0.04, 0.09]",first,TA
KRW-AXS,2023-09-04-00:00,2023-09-05-00:00,"[0.2275, 0.105, 0.1, 0.055, 0.055, 0.0775, 0.07, 0.105, 0.1175, 0.0875]",second,TA
KRW-AXS,2023-09-03-00:00,2023-09-04-00:00,"[0.345, 0.185, 0.075, 0.06, 0.075, 0.05, 0.08, 0.055, 0.075]",first,TA
KRW-AXS,2023-09-03-00:00,2023-09-04-00:00,"[0.245, 0.095, 0.115, 0.065, 0.04, 0.07, 0.055, 0.075, 0.16, 0.08]",second,TA
KRW-AXS,2023-09-02-00:00,2023-09-03-00:00,"[0.335, 0.2, 0.115, 0.0925, 0.0525, 0.0475, 0.0575, 0.03, 0.07]",first,TA
KRW-AXS,2023-09-02-00:00,2023-09-03-00:00,"[0.2225, 0.09, 0.1, 0.105, 0.0975, 0.08, 0.0475, 0.06, 0.0875, 0.11]",second,TA
KRW-AXS,2023-09-01-00:00,2023-09-02-00:00,"[0.3175, 0.175, 0.1425, 0.0875, 0.065, 0.06, 0.0425, 0.0625, 0.0475]",first,TA
KRW-AXS,2023-09-01-00:00,2023-09-02-00:00,"[0.1675, 0.1325, 0.095, 0.15, 0.0825, 0.075, 0.07, 0.0625, 0.0675, 0.0975]",second,TA
KRW-AXS,2023-08-31-00:00,2023-09-01-00:00,"[0.36, 0.19, 0.17, 0.055, 0.04, 0.05, 0.04, 0.065, 0.03]",first,TA
KRW-AXS,2023-08-31-00:00,2023-09-01-00:00,"[0.13, 0.17, 0.125, 0.14, 0.08, 0.06, 0.09, 0.05, 0.05, 0.105]",second,TA
KRW-AXS,2023-08-30-00:00,2023-08-31-00:00,"[0.3025, 0.175, 0.1175, 0.07, 0.1025, 0.0825, 0.04, 0.045, 0.065]",first,TA
KRW-AXS,2023-08-30-00:00,2023-08-31-00:00,"[0.2175, 0.16, 0.0975, 0.0975, 0.0825, 0.075, 0.065, 0.0775, 0.0775, 0.05]",second,TA
KRW-AXS,2023-08-29-00:00,2023-08-30-00:00,"[0.315, 0.215, 0.1275, 0.0725, 0.085, 0.035, 0.055, 0.0325, 0.0625]",first,TA
KRW-AXS,2023-08-29-00:00,2023-08-30-00:00,"[0.2125, 0.1075, 0.0775, 0.09, 0.09, 0.0825, 0.09, 0.0925, 0.0625, 0.095]",second,TA
KRW-AXS,2023-08-28-00:00,2023-08-29-00:00,"[0.34, 0.215, 0.125, 0.0625, 0.065, 0.05, 0.0375, 0.04, 0.065]",first,TA
KRW-AXS,2023-08-28-00:00,2023-08-29-00:00,"[0.195, 0.12, 0.1, 0.1025, 0.0525, 0.0775, 0.0875, 0.0925, 0.085, 0.0875]",second,TA
KRW-AXS,2023-08-27-00:00,2023-08-28-00:00,"[0.355, 0.215, 0.14, 0.055, 0.045, 0.045, 0.01, 0.05, 0.085]",first,TA
KRW-AXS,2023-08-27-00:00,2023-08-28-00:00,"[0.175, 0.135, 0.13, 0.12, 0.04, 0.07, 0.085, 0.075, 0.095, 0.075]",second,TA
KRW-AXS,2023-08-26-00:00,2023-08-27-00:00,"[0.33, 0.23, 0.135, 0.055, 0.08, 0.055, 0.035, 0.025, 0.055]",first,TA
KRW-AXS,2023-08-26-00:00,2023-08-27-00:00,"[0.17, 0.165, 0.13, 0.095, 0.045, 0.095, 0.09, 0.105, 0.065, 0.04]",second,TA
KRW-AXS,2023-08-25-00:00,2023-08-26-00:00,"[0.295, 0.2025, 0.14, 0.1025, 0.1325, 0.045, 0.025, 0.04, 0.0175]",first,TA
KRW-AXS,2023-08-25-00:00,2023-08-26-00:00,"[0.16, 0.1275, 0.0725, 0.1675, 0.065, 0.0625, 0.0975, 0.0875, 0.0625, 0.0975]",second,TA
KRW-AXS,2023-08-24-00:00,2023-08-25-00:00,"[0.295, 0.2125, 0.1675, 0.0925, 0.0925, 0.0575, 0.0225, 0.0375, 0.0225]",first,TA
KRW-AXS,2023-08-24-00:00,2023-08-25-00:00,"[0.195, 0.1125, 0.0775, 0.175, 0.0775, 0.0575, 0.0675, 0.1075, 0.0625, 0.0675]",second,TA
KRW-AXS,2023-08-23-00:00,2023-08-24-00:00,"[0.3375, 0.2375, 0.1225, 0.05, 0.09, 0.0825, 0.0225, 0.03, 0.0275]",first,TA
KRW-AXS,2023-08-23-00:00,2023-08-24-00:00,"[0.19, 0.165, 0.0975, 0.1025, 0.085, 0.08, 0.0675, 0.0975, 0.0525, 0.0625]",second,TA
KRW-AXS,2023-08-22-00:00,2023-08-23-00:00,"[0.35, 0.22, 0.115, 0.04, 0.115, 0.08, 0.02, 0.03, 0.03]",first,TA
KRW-AXS,2023-08-22-00:00,2023-08-23-00:00,"[0.23, 0.14, 0.065, 0.13, 0.07, 0.085, 0.055, 0.11, 0.065, 0.05]",second,TA
KRW-AXS,2023-08-21-00:00,2023-08-22-00:00,"[0.3225, 0.1775, 0.1175, 0.07, 0.085, 0.105, 0.045, 0.04, 0.0375]",first,TA
KRW-AXS,2023-08-21-00:00,2023-08-22-00:00,"[0.14, 0.1375, 0.115, 0.095, 0.075, 0.0575, 0.09, 0.0925, 0.1275, 0.07]",second,TA
KRW-AXS,2023-08-20-00:00,2023-08-21-00:00,"[0.315, 0.185, 0.11, 0.09, 0.0725, 0.1, 0.04, 0.03, 0.0575]",first,TA
KRW-AXS,2023-08-20-00:00,2023-08-21-00:00,"[0.1825, 0.1175, 0.095, 0.12, 0.085, 0.0675, 0.0525, 0.0875, 0.1175, 0.075]",second,TA
KRW-AXS,2023-08-19-00:00,2023-08-20-00:00,"[0.295, 0.185, 0.115, 0.09, 0.105, 0.06, 0.065, 0.02, 0.065]",first,TA
KRW-AXS,2023-08-19-00:00,2023-08-20-00:00,"[0.23, 0.14, 0.065, 0.11, 0.07, 0.05, 0.05, 0.09, 0.125, 0.07]",second,TA
KRW-AXS,2023-08-18-00:00,2023-08-19-00:00,"[0.3275, 0.185, 0.125, 0.07, 0.0675, 0.0725, 0.06, 0.0525, 0.04]",first,TA
KRW-AXS,2023-08-18-00:00,2023-08-19-00:00,"[0.135, 0.1175, 0.1275, 0.1075, 0.1075, 0.0675, 0.08, 0.0925, 0.08, 0.085]",second,TA
KRW-AXS,2023-08-17-00:00,2023-08-18-00:00,"[0.33, 0.155, 0.14, 0.075, 0.09, 0.05, 0.055, 0.035, 0.07]",first,TA
KRW-AXS,2023-08-17-00:00,2023-08-18-00:00,"[0.16, 0.12, 0.165, 0.065, 0.125, 0.08, 0.06, 0.075, 0.06, 0.09]",second,TA
KRW-AXS,2023-08-16-00:00,2023-08-17-00:00,"[0.32, 0.195, 0.17, 0.065, 0.0475, 0.0625, 0.0725, 0.035, 0.0325]",first,TA
KRW-AXS,2023-08-16-00:00,2023-08-17-00:00,"[0.1675, 0.125, 0.12, 0.1025, 0.11, 0.0775, 0.075, 0.095, 0.07, 0.0575]",second,TA
KRW-AXS,2023-08-15-00:00,2023-08-16-00:00,"[0.3525, 0.1425, 0.16, 0.06, 0.11, 0.0275, 0.07, 0.0275, 0.05]",first,TA
KRW-AXS,2023-08-15-00:00,2023-08-16-00:00,"[0.1475, 0.1625, 0.1225, 0.1025, 0.085, 0.0775, 0.0775, 0.085, 0.055, 0.085]",second,TA
KRW-AXS,2023-08-14-00:00,2023-08-15-00:00,"[0.35, 0.1825, 0.145, 0.0375, 0.1325, 0.0325, 0.045, 0.0325, 0.0425]",first,TA
KRW-AXS,2023-08-14-00:00,2023-08-15-00:00,"[0.1375, 0.1725, 0.155, 0.1275, 0.085, 0.0625, 0.0425, 0.085, 0.045, 0.0875]",second,TA
KRW-AXS,2023-08-13-00:00,2023-08-14-00:00,"[0.355, 0.21, 0.165, 0.04, 0.08, 0.03, 0.04, 0.04, 0.04]",first,TA
KRW-AXS,2023-08-13-00:00,2023-08-14-00:00,"[0.145, 0.125, 0.2, 0.11, 0.08, 0.07, 0.035, 0.08, 0.055, 0.1]",second,TA
KRW-AXS,2023-08-12-00:00,2023-08-13-00:00,"[0.32, 0.12, 0.15, 0.065, 0.105, 0.05, 0.065, 0.055, 0.07]",first,TA
KRW-AXS,2023-08-12-00:00,2023-08-13-00:00,"[0.175, 0.1, 0.11, 0.115, 0.09, 0.095, 0.105, 0.07, 0.045, 0.095]",second,TA
KRW-AXS,2023-08-11-00:00,2023-08-12-00:00,"[0.33, 0.15, 0.175, 0.05, 0.105, 0.025, 0.06, 0.05, 0.055]",first,TA
KRW-AXS,2023-08-11-00:00,2023-08-12-00:00,"[0.135, 0.13, 0.12, 0.15, 0.085, 0.085, 0.085, 0.07, 0.07, 0.07]",second,TA
KRW-AXS,2023-08-10-00:00,2023-08-11-00:00,"[0.265, 0.235, 0.15, 0.08, 0.085, 0.03, 0.08, 0.025, 0.05]",first,TA
KRW-AXS,2023-08-10-00:00,2023-08-11-00:00,"[0.235, 0.07, 0.12, 0.11, 0.09, 0.08, 0.055, 0.08, 0.06, 0.1]",second,TA
KRW-AXS,2023-08-09-00:00,2023-08-10-00:00,"[0.34, 0.175, 0.115, 0.08, 0.07, 0.085, 0.055, 0.02, 0.06]",first,TA
KRW-AXS,2023-08-09-00:00,2023-08-10-00:00,"[0.145, 0.125, 0.125, 0.15, 0.085, 0.065, 0.085, 0.05, 0.1, 0.07]",second,TA
KRW-AXS,2023-08-08-00:00,2023-08-09-00:00,"[0.355, 0.1725, 0.145, 0.0975, 0.07, 0.0425, 0.07, 0.0225, 0.025]",first,TA
KRW-AXS,2023-08-08-00:00,2023-08-09-00:00,"[0.105, 0.12, 0.135, 0.13, 0.1075, 0.1, 0.105, 0.065, 0.0675, 0.065]",second,TA
KRW-AXS,2023-08-07-00:00,2023-08-08-00:00,"[0.345, 0.155, 0.195, 0.065, 0.065, 0.04, 0.065, 0.04, 0.03]",first,TA
KRW-AXS,2023-08-07-00:00,2023-08-08-00:00,"[0.11, 0.14, 0.17, 0.115, 0.09, 0.08, 0.095, 0.075, 0.055, 0.07]",second,TA
KRW-AXS,2023-08-06-00:00,2023-08-07-00:00,"[0.3225, 0.145, 0.16, 0.065, 0.0725, 0.0775, 0.1025, 0.025, 0.03]",first,TA
KRW-AXS,2023-08-06-00:00,2023-08-07-00:00,"[0.09, 0.12, 0.1, 0.115, 0.075, 0.16, 0.11, 0.075, 0.075, 0.08]",second,TA
KRW-AXS,2023-08-05-00:00,2023-08-06-00:00,"[0.33, 0.15, 0.145, 0.05, 0.0675, 0.0625, 0.135, 0.03, 0.03]",first,TA
KRW-AXS,2023-08-05-00:00,2023-08-06-00:00,"[0.1, 0.135, 0.1525, 0.1025, 0.0725, 0.165, 0.11, 0.04, 0.06, 0.0625]",second,TA
KRW-AXS,2023-08-04-00:00,2023-08-05-00:00,"[0.3075, 0.175, 0.135, 0.07, 0.0525, 0.05, 0.14, 0.0325, 0.0375]",first,TA
KRW-AXS,2023-08-04-00:00,2023-08-05-00:00,"[0.1125, 0.1275, 0.1375, 0.11, 0.0675, 0.1, 0.16, 0.0825, 0.05, 0.0525]",second,TA
KRW-AXS,2023-08-03-00:00,2023-08-04-00:00,"[0.315, 0.1525, 0.165, 0.0725, 0.0525, 0.05, 0.115, 0.0275, 0.05]",first,TA
KRW-AXS,2023-08-03-00:00,2023-08-04-00:00,"[0.1425, 0.105, 0.105, 0.1075, 0.07, 0.0925, 0.0925, 0.13, 0.0725, 0.0825]",second,TA
KRW-AXS,2023-08-02-00:00,2023-08-03-00:00,"[0.335, 0.175, 0.14, 0.085, 0.0575, 0.0625, 0.0725, 0.025, 0.0475]",first,TA
KRW-AXS,2023-08-02-00:00,2023-08-03-00:00,"[0.115, 0.1, 0.1225, 0.145, 0.075, 0.1025, 0.0675, 0.0925, 0.0725, 0.1075]",second,TA
KRW-AXS,2023-08-01-00:00,2023-08-02-00:00,"[0.3075, 0.21, 0.17, 0.07, 0.0675, 0.04, 0.045, 0.045, 0.045]",first,TA
KRW-AXS,2023-08-01-00:00,2023-08-02-00:00,"[0.1275, 0.1425, 0.12, 0.1275, 0.0875, 0.0775, 0.0925, 0.0725, 0.0725, 0.08]",second,TA
KRW-AXS,2023-07-31-00:00,2023-08-01-00:00,"[0.3225, 0.2175, 0.135, 0.0725, 0.055, 0.0575, 0.0625, 0.0375, 0.04]",first,TA
KRW-AXS,2023-07-31-00:00,2023-08-01-00:00,"[0.14, 0.1375, 0.11, 0.095, 0.1, 0.1025, 0.09, 0.085, 0.065, 0.075]",second,TA
KRW-AXS,2023-07-30-00:00,2023-07-31-00:00,"[0.345, 0.1675, 0.1375, 0.085, 0.065, 0.0525, 0.0625, 0.0425, 0.0425]",first,TA
KRW-AXS,2023-07-30-00:00,2023-07-31-00:00,"[0.16, 0.11, 0.12, 0.1075, 0.095, 0.095, 0.0925, 0.08, 0.05, 0.09]",second,TA
KRW-AXS,2023-07-29-00:00,2023-07-30-00:00,"[0.375, 0.16, 0.16, 0.065, 0.065, 0.04, 0.06, 0.035, 0.04]",first,TA
KRW-AXS,2023-07-29-00:00,2023-07-30-00:00,"[0.16, 0.12, 0.15, 0.105, 0.085, 0.08, 0.075, 0.09, 0.05, 0.085]",second,TA
KRW-AXS,2023-07-28-00:00,2023-07-29-00:00,"[0.35, 0.185, 0.095, 0.085, 0.065, 0.095, 0.07, 0.03, 0.025]",first,TA
KRW-AXS,2023-07-28-00:00,2023-07-29-00:00,"[0.115, 0.1, 0.11, 0.115, 0.09, 0.085, 0.085, 0.095, 0.095, 0.11]",second,TA
KRW-AXS,2023-07-27-00:00,2023-07-28-00:00,"[0.36, 0.2, 0.16, 0.065, 0.05, 0.035, 0.055, 0.015, 0.06]",first,TA
KRW-AXS,2023-07-27-00:00,2023-07-28-00:00,"[0.135, 0.12, 0.11, 0.11, 0.055, 0.11, 0.085, 0.1, 0.07, 0.105]",second,TA
KRW-AXS,2023-07-26-00:00,2023-07-27-00:00,"[0.33, 0.18, 0.165, 0.07, 0.04, 0.04, 0.08, 0.03, 0.065]",first,TA
KRW-AXS,2023-07-26-00:00,2023-07-27-00:00,"[0.125, 0.09, 0.08, 0.115, 0.115, 0.07, 0.15, 0.075, 0.075, 0.105]",second,TA
KRW-AXS,2023-07-25-00:00,2023-07-26-00:00,"[0.315, 0.185, 0.125, 0.095, 0.06, 0.035, 0.095, 0.035, 0.055]",first,TA
KRW-AXS,2023-07-25-00:00,2023-07-26-00:00,"[0.11, 0.09, 0.125, 0.135, 0.085, 0.12, 0.06, 0.065, 0.12, 0.09]",second,TA
KRW-AXS,2023-07-24-00:00,2023-07-25-00:00,"[0.33, 0.19, 0.145, 0.095, 0.065, 0.06, 0.045, 0.045, 0.025]",first,TA
KRW-AXS,2023-07-24-00:00,2023-07-25-00:00,"[0.185, 0.105, 0.085, 0.105, 0.08, 0.065, 0.105, 0.11, 0.055, 0.105]",second,TA
KRW-AXS,2023-07-23-00:00,2023-07-24-00:00,"[0.28, 0.17, 0.15, 0.095, 0.12, 0.07, 0.03, 0.05, 0.035]",first,TA
KRW-AXS,2023-07-23-00:00,2023-07-24-00:00,"[0.15, 0.13, 0.1, 0.095, 0.085, 0.085, 0.065, 0.075, 0.115, 0.1]",second,TA
KRW-AXS,2023-07-22-00:00,2023-07-23-00:00,"[0.375, 0.165, 0.145, 0.095, 0.065, 0.03, 0.045, 0.055, 0.025]",first,TA
KRW-AXS,2023-07-22-00:00,2023-07-23-00:00,"[0.2, 0.09, 0.07, 0.085, 0.165, 0.085, 0.105, 0.04, 0.045, 0.115]",second,TA
KRW-AXS,2023-07-21-00:00,2023-07-22-00:00,"[0.4, 0.21, 0.115, 0.075, 0.08, 0.03, 0.04, 0.035, 0.015]",first,TA
KRW-AXS,2023-07-21-00:00,2023-07-22-00:00,"[0.23, 0.06, 0.07, 0.09, 0.13, 0.085, 0.125, 0.055, 0.04, 0.115]",second,TA
KRW-AXS,2023-07-20-00:00,2023-07-21-00:00,"[0.2975, 0.1525, 0.2075, 0.0925, 0.065, 0.06, 0.05, 0.0425, 0.0325]",first,TA
KRW-AXS,2023-07-20-00:00,2023-07-21-00:00,"[0.1325, 0.125, 0.08, 0.11, 0.1925, 0.0525, 0.0725, 0.05, 0.0975, 0.0875]",second,TA
KRW-AXS,2023-07-19-00:00,2023-07-20-00:00,"[0.265, 0.1175, 0.2975, 0.1, 0.0575, 0.055, 0.04, 0.0325, 0.035]",first,TA
KRW-AXS,2023-07-19-00:00,2023-07-20-00:00,"[0.1225, 0.075, 0.125, 0.1325, 0.18, 0.0675, 0.07, 0.075, 0.0925, 0.06]",second,TA
KRW-AXS,2023-07-18-00:00,2023-07-19-00:00,"[0.2625, 0.135, 0.2025, 0.095, 0.0775, 0.0725, 0.04, 0.0525, 0.0625]",first,TA
KRW-AXS,2023-07-18-00:00,2023-07-19-00:00,"[0.12, 0.08, 0.1, 0.1375, 0.115, 0.075, 0.095, 0.09, 0.1075, 0.08]",second,TA
KRW-AXS,2023-07-17-00:00,2023-07-18-00:00,"[0.2025, 0.18, 0.2425, 0.105, 0.08, 0.0725, 0.0175, 0.0475, 0.0525]",first,TA
KRW-AXS,2023-07-17-00:00,2023-07-18-00:00,"[0.08, 0.085, 0.0875, 0.1175, 0.2025, 0.055, 0.075, 0.08, 0.1375, 0.08]",second,TA
KRW-AXS,2023-07-16-00:00,2023-07-17-00:00,"[0.2625, 0.1875, 0.1625, 0.1025, 0.085, 0.03, 0.0375, 0.095, 0.0375]",first,TA
KRW-AXS,2023-07-16-00:00,2023-07-17-00:00,"[0.145, 0.0875, 0.105, 0.11, 0.1425, 0.07, 0.1025, 0.0675, 0.12, 0.05]",second,TA
KRW-AXS,2023-07-15-00:00,2023-07-16-00:00,"[0.2875, 0.2, 0.1075, 0.095, 0.075, 0.0525, 0.06, 0.0775, 0.045]",first,TA
KRW-AXS,2023-07-15-00:00,2023-07-16-00:00,"[0.1625, 0.095, 0.09, 0.1, 0.1025, 0.0775, 0.1, 0.075, 0.12, 0.0775]",second,TA
KRW-AXS,2023-07-14-00:00,2023-07-15-00:00,"[0.31, 0.1925, 0.1375, 0.0725, 0.0775, 0.0675, 0.0575, 0.04, 0.045]",first,TA
KRW-AXS,2023-07-14-00:00,2023-07-15-00:00,"[0.12, 0.1, 0.09, 0.11, 0.1075, 0.0825, 0.1125, 0.095, 0.075, 0.1075]",second,TA
KRW-AXS,2023-07-13-00:00,2023-07-14-00:00,"[0.3875, 0.165, 0.125, 0.0725, 0.0675, 0.06, 0.055, 0.045, 0.0225]",first,TA
KRW-AXS,2023-07-13-00:00,2023-07-14-00:00,"[0.1325, 0.09, 0.13, 0.1475, 0.0975, 0.0925, 0.07, 0.065, 0.0775, 0.0975]",second,TA
KRW-AXS,2023-07-12-00:00,2023-07-13-00:00,"[0.355, 0.175, 0.145, 0.095, 0.08, 0.035, 0.05, 0.04, 0.025]",first,TA
KRW-AXS,2023-07-12-00:00,2023-07-13-00:00,"[0.165, 0.1, 0.125, 0.09, 0.095, 0.115, 0.06, 0.04, 0.095, 0.115]",second,TA
KRW-AXS,2023-07-11-00:00,2023-07-12-00:00,"[0.305, 0.22, 0.125, 0.065, 0.04, 0.06, 0.11, 0.025, 0.05]",first,TA
KRW-AXS,2023-07-11-00:00,2023-07-12-00:00,"[0.08, 0.155, 0.11, 0.12, 0.115, 0.06, 0.165, 0.065, 0.065, 0.065]",second,TA
KRW-AXS,2023-07-10-00:00,2023-07-11-00:00,"[0.295, 0.14, 0.14, 0.095, 0.05, 0.055, 0.145, 0.025, 0.055]",first,TA
KRW-AXS,2023-07-10-00:00,2023-07-11-00:00,"[0.11, 0.1, 0.12, 0.055, 0.085, 0.165, 0.145, 0.06, 0.055, 0.105]",second,TA
KRW-AXS,2023-07-09-00:00,2023-07-10-00:00,"[0.295, 0.215, 0.135, 0.07, 0.075, 0.075, 0.065, 0.03, 0.04]",first,TA
KRW-AXS,2023-07-09-00:00,2023-07-10-00:00,"[0.175, 0.11, 0.055, 0.05, 0.07, 0.1, 0.135, 0.095, 0.08, 0.13]",second,TA
KRW-AXS,2023-07-08-00:00,2023-07-09-00:00,"[0.385, 0.17, 0.125, 0.1, 0.085, 0.04, 0.045, 0.025, 0.025]",first,TA
KRW-AXS,2023-07-08-00:00,2023-07-09-00:00,"[0.135, 0.08, 0.1, 0.15, 0.08, 0.1, 0.095, 0.1, 0.07, 0.09]",second,TA
KRW-AXS,2023-07-07-00:00,2023-07-08-00:00,"[0.365, 0.17, 0.135, 0.075, 0.08, 0.045, 0.055, 0.035, 0.04]",first,TA
KRW-AXS,2023-07-07-00:00,2023-07-08-00:00,"[0.1, 0.105, 0.115, 0.125, 0.065, 0.11, 0.11, 0.08, 0.065, 0.125]",second,TA
KRW-AXS,2023-07-06-00:00,2023-07-07-00:00,"[0.3425, 0.2025, 0.1475, 0.0925, 0.06, 0.0475, 0.0325, 0.0425, 0.0325]",first,TA
KRW-AXS,2023-07-06-00:00,2023-07-07-00:00,"[0.255, 0.0725, 0.1025, 0.095, 0.09, 0.0725, 0.0575, 0.0875, 0.0825, 0.085]",second,TA
KRW-AXS,2023-07-05-00:00,2023-07-06-00:00,"[0.3525, 0.2025, 0.1275, 0.1, 0.0625, 0.045, 0.04, 0.03, 0.04]",first,TA
KRW-AXS,2023-07-05-00:00,2023-07-06-00:00,"[0.1825, 0.09, 0.1125, 0.115, 0.1, 0.07, 0.065, 0.0925, 0.07, 0.1025]",second,TA
KRW-AXS,2023-07-04-00:00,2023-07-05-00:00,"[0.3575, 0.1775, 0.125, 0.08, 0.055, 0.045, 0.05, 0.065, 0.045]",first,TA
KRW-AXS,2023-07-04-00:00,2023-07-05-00:00,"[0.1525, 0.1, 0.105, 0.115, 0.135, 0.0675, 0.0725, 0.0875, 0.06, 0.105]",second,TA
KRW-AXS,2023-07-03-00:00,2023-07-04-00:00,"[0.3675, 0.1975, 0.1275, 0.0425, 0.09, 0.0425, 0.0475, 0.045, 0.04]",first,TA
KRW-AXS,2023-07-03-00:00,2023-07-04-00:00,"[0.1525, 0.0775, 0.105, 0.1125, 0.1125, 0.0525, 0.075, 0.105, 0.09, 0.1175]",second,TA
KRW-AXS,2023-07-02-00:00,2023-07-03-00:00,"[0.37, 0.1425, 0.1225, 0.105, 0.0875, 0.04, 0.035, 0.05, 0.0475]",first,TA
KRW-AXS,2023-07-02-00:00,2023-07-03-00:00,"[0.185, 0.095, 0.085, 0.11, 0.115, 0.07, 0.075, 0.08, 0.0775, 0.1075]",second,TA
KRW-AXS,2023-07-01-00:00,2023-07-02-00:00,"[0.3, 0.1675, 0.145, 0.0975, 0.0725, 0.06, 0.07, 0.05, 0.0375]",first,TA
KRW-AXS,2023-07-01-00:00,2023-07-02-00:00,"[0.1225, 0.09, 0.1125, 0.1075, 0.1025, 0.0975, 0.08, 0.08, 0.1075, 0.1]",second,TA
KRW-AXS,2023-06-30-00:00,2023-07-01-00:00,"[0.3575, 0.18, 0.1325, 0.0675, 0.0575, 0.045, 0.1025, 0.035, 0.0225]",first,TA
KRW-AXS,2023-06-30-00:00,2023-07-01-00:00,"[0.16, 0.1275, 0.125, 0.12, 0.0725, 0.1, 0.07, 0.0775, 0.055, 0.0925]",second,TA
KRW-AXS,2023-06-29-00:00,2023-06-30-00:00,"[0.2875, 0.1775, 0.1625, 0.08, 0.075, 0.0625, 0.09, 0.025, 0.04]",first,TA
KRW-AXS,2023-06-29-00:00,2023-06-30-00:00,"[0.1475, 0.1225, 0.1275, 0.11, 0.075, 0.1225, 0.0675, 0.085, 0.07, 0.0725]",second,TA
KRW-AXS,2023-06-28-00:00,2023-06-29-00:00,"[0.28, 0.16, 0.125, 0.1, 0.095, 0.085, 0.08, 0.03, 0.045]",first,TA
KRW-AXS,2023-06-28-00:00,2023-06-29-00:00,"[0.14, 0.1, 0.13, 0.08, 0.09, 0.17, 0.075, 0.095, 0.07, 0.05]",second,TA
KRW-AXS,2023-06-27-00:00,2023-06-28-00:00,"[0.26, 0.2, 0.1075, 0.0875, 0.1175, 0.0675, 0.075, 0.03, 0.055]",first,TA
KRW-AXS,2023-06-27-00:00,2023-06-28-00:00,"[0.2, 0.0825, 0.1025, 0.1, 0.0875, 0.1275, 0.09, 0.065, 0.06, 0.085]",second,TA
KRW-AXS,2023-06-26-00:00,2023-06-27-00:00,"[0.29, 0.215, 0.115, 0.055, 0.0725, 0.08, 0.08, 0.025, 0.0675]",first,TA
KRW-AXS,2023-06-26-00:00,2023-06-27-00:00,"[0.1925, 0.085, 0.1375, 0.12, 0.065, 0.105, 0.0825, 0.0575, 0.0625, 0.0925]",second,TA
KRW-AXS,2023-06-25-00:00,2023-06-26-00:00,"[0.355, 0.205, 0.1125, 0.0575, 0.065, 0.0625, 0.045, 0.025, 0.0725]",first,TA
KRW-AXS,2023-06-25-00:00,2023-06-26-00:00,"[0.21, 0.105, 0.1125, 0.0875, 0.06, 0.1075, 0.0775, 0.0625, 0.0575, 0.12]",second,TA
KRW-AXS,2023-06-24-00:00,2023-06-25-00:00,"[0.335, 0.165, 0.115, 0.075, 0.0975, 0.07, 0.05, 0.035, 0.0575]",first,TA
KRW-AXS,2023-06-24-00:00,2023-06-25-00:00,"[0.1675, 0.1125, 0.0975, 0.1025, 0.0925, 0.1125, 0.0825, 0.0875, 0.0525, 0.0925]",second,TA
KRW-AXS,2023-06-23-00:00,2023-06-24-00:00,"[0.39, 0.205, 0.105, 0.0525, 0.07, 0.0425, 0.0525, 0.04, 0.0425]",first,TA
KRW-AXS,2023-06-23-00:00,2023-06-24-00:00,"[0.185, 0.0975, 0.125, 0.1275, 0.0925, 0.085, 0.0675, 0.0625, 0.065, 0.0925]",second,TA
KRW-AXS,2023-06-22-00:00,2023-06-23-00:00,"[0.3625, 0.21, 0.1225, 0.0675, 0.055, 0.0525, 0.0425, 0.035, 0.0525]",first,TA
KRW-AXS,2023-06-22-00:00,2023-06-23-00:00,"[0.16, 0.1125, 0.1125, 0.1275, 0.105, 0.1, 0.08, 0.0575, 0.065, 0.08]",second,TA
KRW-AXS,2023-06-21-00:00,2023-06-22-00:00,"[0.3325, 0.21, 0.125, 0.0925, 0.0525, 0.0525, 0.0375, 0.05, 0.0475]",first,TA
KRW-AXS,2023-06-21-00:00,2023-06-22-00:00,"[0.195, 0.145, 0.095, 0.1025, 0.075, 0.0775, 0.085, 0.0575, 0.065, 0.1025]",second,TA
KRW-AXS,2023-06-20-00:00,2023-06-21-00:00,"[0.3375, 0.17, 0.1375, 0.075, 0.0825, 0.0575, 0.0175, 0.025, 0.0975]",first,TA
KRW-AXS,2023-06-20-00:00,2023-06-21-00:00,"[0.1875, 0.1575, 0.085, 0.0975, 0.09, 0.0925, 0.07, 0.0875, 0.05, 0.0825]",second,TA
KRW-AXS,2023-06-19-00:00,2023-06-20-00:00,"[0.29, 0.16, 0.135, 0.07, 0.125, 0.06, 0.02, 0.025, 0.115]",first,TA
KRW-AXS,2023-06-19-00:00,2023-06-20-00:00,"[0.22, 0.13, 0.105, 0.125, 0.085, 0.085, 0.06, 0.05, 0.07, 0.07]",second,TA
KRW-AXS,2023-06-18-00:00,2023-06-19-00:00,"[0.2625, 0.2525, 0.1375, 0.0625, 0.0925, 0.0725, 0.03, 0.0175, 0.0725]",first,TA
KRW-AXS,2023-06-18-00:00,2023-06-19-00:00,"[0.165, 0.1, 0.1125, 0.0975, 0.0925, 0.075, 0.105, 0.145, 0.0475, 0.06]",second,TA
KRW-AXS,2023-06-17-00:00,2023-06-18-00:00,"[0.27, 0.2275, 0.1675, 0.0775, 0.09, 0.06, 0.0325, 0.0225, 0.0525]",first,TA
KRW-AXS,2023-06-17-00:00,2023-06-18-00:00,"[0.1925, 0.1025, 0.115, 0.09, 0.0875, 0.0675, 0.0725, 0.115, 0.075, 0.0825]",second,TA
KRW-AXS,2023-06-16-00:00,2023-06-17-00:00,"[0.31, 0.1925, 0.115, 0.07, 0.075, 0.0625, 0.03, 0.0525, 0.0925]",first,TA
KRW-AXS,2023-06-16-00:00,2023-06-17-00:00,"[0.225, 0.12, 0.0975, 0.0725, 0.09, 0.0675, 0.04, 0.07, 0.0825, 0.135]",second,TA
KRW-AXS,2023-06-15-00:00,2023-06-16-00:00,"[0.3225, 0.2125, 0.11, 0.065, 0.06, 0.055, 0.0375, 0.03, 0.1075]",first,TA
KRW-AXS,2023-06-15-00:00,2023-06-16-00:00,"[0.2475, 0.14, 0.0975, 0.0725, 0.07, 0.0625, 0.0625, 0.05, 0.075, 0.1225]",second,TA
KRW-AXS,2023-06-14-00:00,2023-06-15-00:00,"[0.32, 0.2025, 0.1225, 0.05, 0.0675, 0.0575, 0.0425, 0.0425, 0.095]",first,TA
KRW-AXS,2023-06-14-00:00,2023-06-15-00:00,"[0.18, 0.1625, 0.095, 0.0825, 0.08, 0.0675, 0.095, 0.085, 0.0575, 0.095]",second,TA
KRW-AXS,2023-06-13-00:00,2023-06-14-00:00,"[0.32, 0.1925, 0.1425, 0.065, 0.0625, 0.0625, 0.0225, 0.025, 0.1075]",first,TA
KRW-AXS,2023-06-13-00:00,2023-06-14-00:00,"[0.1775, 0.175, 0.105, 0.1, 0.07, 0.07, 0.0875, 0.075, 0.0725, 0.0675]",second,TA
KRW-AXS,2023-06-12-00:00,2023-06-13-00:00,"[0.3675, 0.1825, 0.1075, 0.0875, 0.0575, 0.065, 0.02, 0.035, 0.0775]",first,TA
KRW-AXS,2023-06-12-00:00,2023-06-13-00:00,"[0.1825, 0.1475, 0.095, 0.11, 0.085, 0.075, 0.1, 0.055, 0.07, 0.08]",second,TA
KRW-AXS,2023-06-11-00:00,2023-06-12-00:00,"[0.3225, 0.2, 0.1175, 0.08, 0.0725, 0.07, 0.0275, 0.0375, 0.0725]",first,TA
KRW-AXS,2023-06-11-00:00,2023-06-12-00:00,"[0.21, 0.155, 0.085, 0.0975, 0.1, 0.09, 0.08, 0.0625, 0.065, 0.055]",second,TA
KRW-AXS,2023-06-10-00:00,2023-06-11-00:00,"[0.3325, 0.1725, 0.1175, 0.1, 0.0875, 0.045, 0.055, 0.035, 0.055]",first,TA
KRW-AXS,2023-06-10-00:00,2023-06-11-00:00,"[0.1625, 0.1275, 0.0725, 0.105, 0.0875, 0.0975, 0.0775, 0.1, 0.07, 0.1]",second,TA
KRW-AXS,2023-06-09-00:00,2023-06-10-00:00,"[0.3375, 0.195, 0.1675, 0.0675, 0.06, 0.04, 0.045, 0.0525, 0.035]",first,TA
KRW-AXS,2023-06-09-00:00,2023-06-10-00:00,"[0.1325, 0.0825, 0.1825, 0.115, 0.125, 0.055, 0.09, 0.0625, 0.065, 0.09]",second,TA
KRW-AXS,2023-06-08-00:00,2023-06-09-00:00,"[0.3675, 0.195, 0.145, 0.075, 0.065, 0.045, 0.0325, 0.0475, 0.0275]",first,TA
KRW-AXS,2023-06-08-00:00,2023-06-09-00:00,"[0.1175, 0.1025, 0.16, 0.1025, 0.13, 0.055, 0.07, 0.0975, 0.0675, 0.0975]",second,TA
KRW-AXS,2023-06-07-00:00,2023-06-08-00:00,"[0.35, 0.2025, 0.135, 0.09, 0.0575, 0.035, 0.0425, 0.06, 0.0275]",first,TA
KRW-AXS,2023-06-07-00:00,2023-06-08-00:00,"[0.1075, 0.08, 0.0725, 0.1325, 0.1, 0.1175, 0.0975, 0.1325, 0.0825, 0.0775]",second,TA
KRW-AXS,2023-06-06-00:00,2023-06-07-00:00,"[0.3175, 0.1825, 0.14, 0.0825, 0.0625, 0.075, 0.035, 0.06, 0.045]",first,TA
KRW-AXS,2023-06-06-00:00,2023-06-07-00:00,"[0.135, 0.085, 0.09, 0.105, 0.0675, 0.115, 0.0975, 0.105, 0.1125, 0.0875]",second,TA
KRW-AXS,2023-06-05-00:00,2023-06-06-00:00,"[0.34, 0.16, 0.1225, 0.09, 0.1075, 0.055, 0.0325, 0.02, 0.0725]",first,TA
KRW-AXS,2023-06-05-00:00,2023-06-06-00:00,"[0.155, 0.0975, 0.11, 0.11, 0.1075, 0.1075, 0.05, 0.0675, 0.0725, 0.1225]",second,TA
KRW-AXS,2023-06-04-00:00,2023-06-05-00:00,"[0.395, 0.125, 0.145, 0.095, 0.105, 0.05, 0.03, 0.015, 0.04]",first,TA
KRW-AXS,2023-06-04-00:00,2023-06-05-00:00,"[0.2, 0.135, 0.085, 0.07, 0.075, 0.075, 0.11, 0.11, 0.065, 0.075]",second,TA
KRW-AXS,2023-06-03-00:00,2023-06-04-00:00,"[0.3375, 0.125, 0.16, 0.11, 0.0675, 0.0325, 0.0475, 0.045, 0.075]",first,TA
KRW-AXS,2023-06-03-00:00,2023-06-04-00:00,"[0.12, 0.1125, 0.055, 0.1025, 0.125, 0.105, 0.09, 0.0725, 0.1225, 0.095]",second,TA
KRW-AXS,2023-06-02-00:00,2023-06-03-00:00,"[0.335, 0.135, 0.165, 0.095, 0.0775, 0.025, 0.0325, 0.025, 0.11]",first,TA
KRW-AXS,2023-06-02-00:00,2023-06-03-00:00,"[0.095, 0.12, 0.0925, 0.125, 0.1425, 0.0775, 0.0825, 0.07, 0.1125, 0.0825]",second,TA
KRW-AXS,2023-06-01-00:00,2023-06-02-00:00,"[0.34, 0.155, 0.1375, 0.1025, 0.0625, 0.0475, 0.035, 0.0325, 0.0875]",first,TA
KRW-AXS,2023-06-01-00:00,2023-06-02-00:00,"[0.1025, 0.1275, 0.1075, 0.095, 0.11, 0.07, 0.1, 0.1025, 0.1175, 0.0675]",second,TA
KRW-AXS,2023-05-31-00:00,2023-06-01-00:00,"[0.34, 0.18, 0.14, 0.115, 0.085, 0.0325, 0.0375, 0.025, 0.045]",first,TA
KRW-AXS,2023-05-31-00:00,2023-06-01-00:00,"[0.125, 0.11, 0.08, 0.115, 0.125, 0.085, 0.115, 0.0925, 0.08, 0.0725]",second,TA
KRW-AXS,2023-05-30-00:00,2023-05-31-00:00,"[0.36, 0.1825, 0.125, 0.1075, 0.0825, 0.0425, 0.0425, 0.0175, 0.04]",first,TA
KRW-AXS,2023-05-30-00:00,2023-05-31-00:00,"[0.1325, 0.085, 0.085, 0.1125, 0.15, 0.1075, 0.0775, 0.0925, 0.0875, 0.07]",second,TA
KRW-AXS,2023-05-29-00:00,2023-05-30-00:00,"[0.3875, 0.12, 0.1475, 0.105, 0.08, 0.065, 0.0275, 0.0175, 0.05]",first,TA
KRW-AXS,2023-05-29-00:00,2023-05-30-00:00,"[0.1225, 0.0825, 0.0825, 0.0775, 0.13, 0.14, 0.1, 0.065, 0.1075, 0.0925]",second,TA
KRW-AXS,2023-05-28-00:00,2023-05-29-00:00,"[0.3525, 0.1675, 0.145, 0.0875, 0.06, 0.035, 0.0375, 0.055, 0.06]",first,TA
KRW-AXS,2023-05-28-00:00,2023-05-29-00:00,"[0.1125, 0.0825, 0.0675, 0.1125, 0.105, 0.12, 0.0975, 0.0825, 0.1075, 0.1125]",second,TA
KRW-AXS,2023-05-27-00:00,2023-05-28-00:00,"[0.385, 0.21, 0.09, 0.09, 0.055, 0.04, 0.015, 0.06, 0.055]",first,TA
KRW-AXS,2023-05-27-00:00,2023-05-28-00:00,"[0.12, 0.09, 0.055, 0.135, 0.125, 0.1, 0.08, 0.09, 0.085, 0.12]",second,TA
KRW-AXS,2023-05-26-00:00,2023-05-27-00:00,"[0.34, 0.14, 0.12, 0.0975, 0.085, 0.06, 0.04, 0.06, 0.0575]",first,TA
KRW-AXS,2023-05-26-00:00,2023-05-27-00:00,"[0.1625, 0.1225, 0.0975, 0.0875, 0.075, 0.095, 0.095, 0.09, 0.075, 0.1]",second,TA
KRW-AXS,2023-05-25-00:00,2023-05-26-00:00,"[0.35, 0.1775, 0.115, 0.075, 0.0925, 0.0625, 0.045, 0.05, 0.0325]",first,TA
KRW-AXS,2023-05-25-00:00,2023-05-26-00:00,"[0.1425, 0.13, 0.115, 0.0875, 0.06, 0.1125, 0.055, 0.0825, 0.08, 0.135]",second,TA
KRW-AXS,2023-05-24-00:00,2023-05-25-00:00,"[0.2825, 0.19, 0.1675, 0.0675, 0.0975, 0.05, 0.05, 0.0475, 0.0475]",first,TA
KRW-AXS,2023-05-24-00:00,2023-05-25-00:00,"[0.1425, 0.1, 0.1, 0.0775, 0.0725, 0.0925, 0.0825, 0.09, 0.085, 0.1575]",second,TA
KRW-AXS,2023-05-23-00:00,2023-05-24-00:00,"[0.255, 0.17, 0.185, 0.0725, 0.1025, 0.0575, 0.0525, 0.05, 0.055]",first,TA
KRW-AXS,2023-05-23-00:00,2023-05-24-00:00,"[0.1625, 0.1, 0.0925, 0.085, 0.08, 0.0725, 0.0825, 0.0875, 0.0975, 0.14]",second,TA
KRW-AXS,2023-05-22-00:00,2023-05-23-00:00,"[0.25, 0.16, 0.16, 0.07, 0.1, 0.07, 0.06, 0.05, 0.08]",first,TA
KRW-AXS,2023-05-22-00:00,2023-05-23-00:00,"[0.19, 0.095, 0.095, 0.09, 0.085, 0.06, 0.07, 0.08, 0.105, 0.13]",second,TA
KRW-AXS,2023-05-21-00:00,2023-05-22-00:00,"[0.21, 0.255, 0.135, 0.075, 0.11, 0.085, 0.05, 0.03, 0.05]",first,TA
KRW-AXS,2023-05-21-00:00,2023-05-22-00:00,"[0.125, 0.1, 0.105, 0.1, 0.105, 0.06, 0.045, 0.08, 0.13, 0.15]",second,TA
KRW-AXS,2023-05-20-00:00,2023-05-21-00:00,"[0.285, 0.19, 0.1375, 0.06, 0.0975, 0.0725, 0.0525, 0.045, 0.06]",first,TA
KRW-AXS,2023-05-20-00:00,2023-05-21-00:00,"[0.165, 0.085, 0.07, 0.0975, 0.0925, 0.0575, 0.08, 0.1125, 0.11, 0.13]",second,TA
KRW-AXS,2023-05-19-00:00,2023-05-20-00:00,"[0.235, 0.21, 0.1425, 0.095, 0.1, 0.065, 0.0475, 0.05, 0.055]",first,TA
KRW-AXS,2023-05-19-00:00,2023-05-20-00:00,"[0.1675, 0.0925, 0.0675, 0.0925, 0.1, 0.0575, 0.08, 0.08, 0.125, 0.1375]",second,TA
KRW-AXS,2023-05-18-00:00,2023-05-19-00:00,"[0.2725, 0.1725, 0.105, 0.1025, 0.0875, 0.065, 0.055, 0.0825, 0.0575]",first,TA
KRW-AXS,2023-05-18-00:00,2023-05-19-00:00,"[0.1075, 0.095, 0.1075, 0.11, 0.0775, 0.105, 0.1125, 0.0925, 0.06, 0.1325]",second,TA
KRW-AXS,2023-05-17-00:00,2023-05-18-00:00,"[0.2575, 0.1525, 0.1175, 0.1275, 0.1, 0.0725, 0.05, 0.055, 0.0675]",first,TA
KRW-AXS,2023-05-17-00:00,2023-05-18-00:00,"[0.1575, 0.1025, 0.1, 0.105, 0.065, 0.0875, 0.09, 0.085, 0.065, 0.1425]",second,TA
KRW-AXS,2023-05-16-00:00,2023-05-17-00:00,"[0.235, 0.2, 0.175, 0.105, 0.06, 0.09, 0.055, 0.035, 0.045]",first,TA
KRW-AXS,2023-05-16-00:00,2023-05-17-00:00,"[0.17, 0.125, 0.11, 0.075, 0.045, 0.085, 0.08, 0.1, 0.065, 0.145]",second,TA
KRW-AXS,2023-05-15-00:00,2023-05-16-00:00,"[0.2525, 0.205, 0.15, 0.0625, 0.0675, 0.065, 0.065, 0.0425, 0.09]",first,TA
KRW-AXS,2023-05-15-00:00,2023-05-16-00:00,"[0.1425, 0.1225, 0.0825, 0.0725, 0.055, 0.0875, 0.0675, 0.115, 0.1125, 0.1425]",second,TA
KRW-AXS,2023-05-14-00:00,2023-05-15-00:00,"[0.245, 0.23, 0.155, 0.06, 0.05, 0.07, 0.05, 0.035, 0.105]",first,TA
KRW-AXS,2023-05-14-00:00,2023-05-15-00:00,"[0.14, 0.165, 0.08, 0.07, 0.07, 0.065, 0.05, 0.13, 0.105, 0.125]",second,TA
KRW-AXS,2023-05-13-00:00,2023-05-14-00:00,"[0.215, 0.195, 0.165, 0.065, 0.085, 0.07, 0.04, 0.04, 0.125]",first,TA
KRW-AXS,2023-05-13-00:00,2023-05-14-00:00,"[0.125, 0.175, 0.075, 0.085, 0.095, 0.06, 0.035, 0.115, 0.095, 0.14]",second,TA
KRW-AXS,2023-05-12-00:00,2023-05-13-00:00,"[0.295, 0.185, 0.155, 0.065, 0.07, 0.0675, 0.0625, 0.04, 0.06]",first,TA
KRW-AXS,2023-05-12-00:00,2023-05-13-00:00,"[0.135, 0.0975, 0.095, 0.0825, 0.0675, 0.08, 0.095, 0.11, 0.1025, 0.135]",second,TA
KRW-AXS,2023-05-11-00:00,2023-05-12-00:00,"[0.295, 0.175, 0.185, 0.075, 0.06, 0.07, 0.055, 0.03, 0.055]",first,TA
KRW-AXS,2023-05-11-00:00,2023-05-12-00:00,"[0.13, 0.105, 0.085, 0.1, 0.095, 0.045, 0.085, 0.095, 0.11, 0.15]",second,TA
KRW-AXS,2023-05-10-00:00,2023-05-11-00:00,"[0.2125, 0.1525, 0.165, 0.0925, 0.105, 0.1125, 0.055, 0.06, 0.045]",first,TA
KRW-AXS,2023-05-10-00:00,2023-05-11-00:00,"[0.14, 0.1075, 0.115, 0.0725, 0.0625, 0.08, 0.1, 0.085, 0.09, 0.1475]",second,TA
KRW-AXS,2023-05-09-00:00,2023-05-10-00:00,"[0.215, 0.2025, 0.17, 0.105, 0.0775, 0.0525, 0.0575, 0.05, 0.07]",first,TA
KRW-AXS,2023-05-09-00:00,2023-05-10-00:00,"[0.1475, 0.09, 0.1, 0.08, 0.0725, 0.08, 0.07, 0.11, 0.1075, 0.1425]",second,TA
KRW-AXS,2023-05-08-00:00,2023-05-09-00:00,"[0.2425, 0.1575, 0.18, 0.1, 0.085, 0.0575, 0.05, 0.05, 0.0775]",first,TA
KRW-AXS,2023-05-08-00:00,2023-05-09-00:00,"[0.1275, 0.115, 0.0925, 0.07, 0.0725, 0.0825, 0.06, 0.1, 0.1125, 0.1675]",second,TA
KRW-AXS,2023-05-07-00:00,2023-05-08-00:00,"[0.225, 0.15, 0.255, 0.085, 0.095, 0.045, 0.025, 0.045, 0.075]",first,TA
KRW-AXS,2023-05-07-00:00,2023-05-08-00:00,"[0.135, 0.13, 0.085, 0.08, 0.07, 0.085, 0.045, 0.06, 0.105, 0.205]",second,TA
KRW-AXS,2023-05-06-00:00,2023-05-07-00:00,"[0.3425, 0.135, 0.1525, 0.075, 0.0875, 0.0675, 0.04, 0.0525, 0.0475]",first,TA
KRW-AXS,2023-05-06-00:00,2023-05-07-00:00,"[0.2775, 0.075, 0.085, 0.08, 0.0625, 0.0975, 0.065, 0.08, 0.075, 0.1025]",second,TA
KRW-AXS,2023-05-05-00:00,2023-05-06-00:00,"[0.33, 0.15, 0.145, 0.06, 0.095, 0.055, 0.06, 0.065, 0.04]",first,TA
KRW-AXS,2023-05-05-00:00,2023-05-06-00:00,"[0.305, 0.09, 0.105, 0.05, 0.045, 0.08, 0.075, 0.065, 0.07, 0.115]",second,TA
KRW-AXS,2023-05-04-00:00,2023-05-05-00:00,"[0.28, 0.17, 0.24, 0.08, 0.05, 0.03, 0.05, 0.035, 0.065]",first,TA
KRW-AXS,2023-05-04-00:00,2023-05-05-00:00,"[0.27, 0.11, 0.065, 0.07, 0.05, 0.075, 0.12, 0.085, 0.09, 0.065]",second,TA
KRW-AXS,2023-05-03-00:00,2023-05-04-00:00,"[0.3, 0.125, 0.22, 0.075, 0.075, 0.05, 0.0475, 0.0475, 0.06]",first,TA
KRW-AXS,2023-05-03-00:00,2023-05-04-00:00,"[0.2675, 0.1025, 0.065, 0.095, 0.0875, 0.0875, 0.0625, 0.05, 0.0575, 0.125]",second,TA
KRW-AXS,2023-05-02-00:00,2023-05-03-00:00,"[0.275, 0.13, 0.25, 0.065, 0.095, 0.045, 0.045, 0.025, 0.07]",first,TA
KRW-AXS,2023-05-02-00:00,2023-05-03-00:00,"[0.275, 0.11, 0.055, 0.115, 0.105, 0.07, 0.055, 0.055, 0.07, 0.09]",second,TA
KRW-AXS,2023-05-01-00:00,2023-05-02-00:00,"[0.305, 0.175, 0.205, 0.075, 0.075, 0.055, 0.06, 0.025, 0.025]",first,TA
KRW-AXS,2023-05-01-00:00,2023-05-02-00:00,"[0.235, 0.12, 0.09, 0.08, 0.045, 0.08, 0.085, 0.065, 0.075, 0.125]",second,TA
KRW-AXS,2023-04-30-00:00,2023-05-01-00:00,"[0.375, 0.13, 0.145, 0.065, 0.12, 0.03, 0.045, 0.04, 0.05]",first,TA
KRW-AXS,2023-04-30-00:00,2023-05-01-00:00,"[0.315, 0.125, 0.105, 0.075, 0.045, 0.09, 0.025, 0.035, 0.06, 0.125]",second,TA
KRW-AXS,2023-04-29-00:00,2023-04-30-00:00,"[0.23, 0.145, 0.28, 0.06, 0.09, 0.075, 0.055, 0.04, 0.025]",first,TA
KRW-AXS,2023-04-29-00:00,2023-04-30-00:00,"[0.185, 0.1, 0.095, 0.115, 0.08, 0.105, 0.05, 0.115, 0.06, 0.095]",second,TA
KRW-AXS,2023-04-28-00:00,2023-04-29-00:00,"[0.2325, 0.155, 0.285, 0.085, 0.0625, 0.07, 0.0425, 0.04, 0.0275]",first,TA
KRW-AXS,2023-04-28-00:00,2023-04-29-00:00,"[0.15, 0.105, 0.1275, 0.0825, 0.08, 0.0625, 0.1175, 0.1075, 0.065, 0.1025]",second,TA
KRW-AXS,2023-04-27-00:00,2023-04-28-00:00,"[0.2625, 0.1525, 0.27, 0.0675, 0.055, 0.0675, 0.055, 0.0425, 0.0275]",first,TA
KRW-AXS,2023-04-27-00:00,2023-04-28-00:00,"[0.175, 0.1075, 0.0975, 0.0725, 0.0825, 0.07, 0.1075, 0.09, 0.0875, 0.11]",second,TA
KRW-AXS,2023-04-26-00:00,2023-04-27-00:00,"[0.2825, 0.1725, 0.235, 0.0675, 0.06, 0.0725, 0.0375, 0.03, 0.0425]",first,TA
KRW-AXS,2023-04-26-00:00,2023-04-27-00:00,"[0.205, 0.1, 0.1025, 0.0875, 0.0775, 0.08, 0.085, 0.09, 0.09, 0.0825]",second,TA
KRW-AXS,2023-04-25-00:00,2023-04-26-00:00,"[0.2625, 0.16, 0.25, 0.075, 0.055, 0.0575, 0.0325, 0.045, 0.0625]",first,TA
KRW-AXS,2023-04-25-00:00,2023-04-26-00:00,"[0.195, 0.1, 0.1125, 0.095, 0.075, 0.0775, 0.1025, 0.085, 0.0775, 0.08]",second,TA
KRW-AXS,2023-04-24-00:00,2023-04-25-00:00,"[0.265, 0.17, 0.23, 0.07, 0.07, 0.0425, 0.0625, 0.045, 0.045]",first,TA
KRW-AXS,2023-04-24-00:00,2023-04-25-00:00,"[0.1925, 0.085, 0.105, 0.0925, 0.0825, 0.0925, 0.08, 0.0875, 0.0925, 0.09]",second,TA
KRW-AXS,2023-04-23-00:00,2023-04-24-00:00,"[0.325, 0.21, 0.22, 0.065, 0.055, 0.03, 0.05, 0.035, 0.01]",first,TA
KRW-AXS,2023-04-23-00:00,2023-04-24-00:00,"[0.255, 0.15, 0.085, 0.065, 0.085, 0.1, 0.07, 0.06, 0.065, 0.065]",second,TA
KRW-AXS,2023-04-22-00:00,2023-04-23-00:00,"[0.32, 0.145, 0.2125, 0.0775, 0.0875, 0.045, 0.0475, 0.0375, 0.0275]",first,TA
KRW-AXS,2023-04-22-00:00,2023-04-23-00:00,"[0.25, 0.0725, 0.0875, 0.095, 0.0825, 0.085, 0.05, 0.085, 0.0575, 0.135]",second,TA
KRW-AXS,2023-04-21-00:00,2023-04-22-00:00,"[0.29, 0.1425, 0.2425, 0.0625, 0.0575, 0.055, 0.07, 0.04, 0.04]",first,TA
KRW-AXS,2023-04-21-00:00,2023-04-22-00:00,"[0.1775, 0.1, 0.09, 0.1025, 0.095, 0.0625, 0.075, 0.09, 0.06, 0.1475]",second,TA
KRW-AXS,2023-04-20-00:00,2023-04-21-00:00,"[0.255, 0.135, 0.2325, 0.07, 0.075, 0.06, 0.06, 0.045, 0.0675]",first,TA
KRW-AXS,2023-04-20-00:00,2023-04-21-00:00,"[0.165, 0.1225, 0.07, 0.105, 0.11, 0.0625, 0.0875, 0.0875, 0.07, 0.12]",second,TA
KRW-AXS,2023-04-19-00:00,2023-04-20-00:00,"[0.2525, 0.125, 0.19, 0.0825, 0.1025, 0.0625, 0.055, 0.06, 0.07]",first,TA
KRW-AXS,2023-04-19-00:00,2023-04-20-00:00,"[0.1225, 0.1175, 0.1, 0.1, 0.09, 0.095, 0.0775, 0.1125, 0.08, 0.105]",second,TA
KRW-AXS,2023-04-18-00:00,2023-04-19-00:00,"[0.2975, 0.1125, 0.16, 0.1375, 0.07, 0.0625, 0.05, 0.06, 0.05]",first,TA
KRW-AXS,2023-04-18-00:00,2023-04-19-00:00,"[0.1325, 0.1575, 0.1425, 0.085, 0.09, 0.0875, 0.06, 0.09, 0.065, 0.09]",second,TA
KRW-AXS,2023-04-17-00:00,2023-04-18-00:00,"[0.3, 0.135, 0.1475, 0.1325, 0.0725, 0.075, 0.0475, 0.0475, 0.0425]",first,TA
KRW-AXS,2023-04-17-00:00,2023-04-18-00:00,"[0.1525, 0.1125, 0.13, 0.09, 0.06, 0.065, 0.0775, 0.0825, 0.085, 0.145]",second,TA
KRW-AXS,2023-04-16-00:00,2023-04-17-00:00,"[0.3625, 0.1575, 0.1225, 0.0875, 0.0775, 0.0725, 0.0425, 0.0375, 0.04]",first,TA
KRW-AXS,2023-04-16-00:00,2023-04-17-00:00,"[0.2, 0.135, 0.0825, 0.075, 0.0875, 0.0625, 0.09, 0.075, 0.0675, 0.125]",second,TA
KRW-AXS,2023-04-15-00:00,2023-04-16-00:00,"[0.325, 0.1725, 0.1425, 0.0925, 0.065, 0.045, 0.0725, 0.04, 0.045]",first,TA
KRW-AXS,2023-04-15-00:00,2023-04-16-00:00,"[0.145, 0.155, 0.09, 0.09, 0.09, 0.085, 0.0825, 0.075, 0.08, 0.1075]",second,TA
KRW-AXS,2023-04-14-00:00,2023-04-15-00:00,"[0.285, 0.22, 0.165, 0.0875, 0.085, 0.0225, 0.0475, 0.045, 0.0425]",first,TA
KRW-AXS,2023-04-14-00:00,2023-04-15-00:00,"[0.13, 0.145, 0.085, 0.085, 0.105, 0.09, 0.0875, 0.0975, 0.0775, 0.0975]",second,TA
KRW-AXS,2023-04-13-00:00,2023-04-14-00:00,"[0.3175, 0.1975, 0.1875, 0.0775, 0.0725, 0.025, 0.0625, 0.0325, 0.0275]",first,TA
KRW-AXS,2023-04-13-00:00,2023-04-14-00:00,"[0.1525, 0.1225, 0.0825, 0.1, 0.095, 0.105, 0.0775, 0.07, 0.08, 0.115]",second,TA
KRW-AXS,2023-04-12-00:00,2023-04-13-00:00,"[0.3675, 0.18, 0.12, 0.09, 0.09, 0.035, 0.0425, 0.045, 0.03]",first,TA
KRW-AXS,2023-04-12-00:00,2023-04-13-00:00,"[0.1875, 0.1425, 0.135, 0.1, 0.0725, 0.0725, 0.08, 0.0625, 0.055, 0.0925]",second,TA
KRW-AXS,2023-04-11-00:00,2023-04-12-00:00,"[0.325, 0.195, 0.14, 0.0875, 0.075, 0.0325, 0.035, 0.0625, 0.0475]",first,TA
KRW-AXS,2023-04-11-00:00,2023-04-12-00:00,"[0.195, 0.1525, 0.1075, 0.0775, 0.0675, 0.075, 0.0825, 0.075, 0.0675, 0.1]",second,TA
KRW-AXS,2023-04-10-00:00,2023-04-11-00:00,"[0.2875, 0.1775, 0.155, 0.0925, 0.0725, 0.0575, 0.06, 0.0425, 0.055]",first,TA
KRW-AXS,2023-04-10-00:00,2023-04-11-00:00,"[0.16, 0.13, 0.08, 0.0875, 0.0975, 0.095, 0.075, 0.0675, 0.0725, 0.135]",second,TA
KRW-AXS,2023-04-09-00:00,2023-04-10-00:00,"[0.345, 0.1475, 0.1525, 0.0975, 0.0925, 0.045, 0.0425, 0.03, 0.0475]",first,TA
KRW-AXS,2023-04-09-00:00,2023-04-10-00:00,"[0.1975, 0.125, 0.085, 0.0825, 0.0725, 0.0525, 0.0975, 0.0975, 0.06, 0.13]",second,TA
KRW-AXS,2023-04-08-00:00,2023-04-09-00:00,"[0.315, 0.185, 0.145, 0.1025, 0.105, 0.0225, 0.03, 0.05, 0.045]",first,TA
KRW-AXS,2023-04-08-00:00,2023-04-09-00:00,"[0.2075, 0.0975, 0.0975, 0.0625, 0.0775, 0.085, 0.095, 0.0825, 0.0725, 0.1225]",second,TA
KRW-AXS,2023-04-07-00:00,2023-04-08-00:00,"[0.2875, 0.2075, 0.16, 0.0825, 0.085, 0.04, 0.035, 0.055, 0.0475]",first,TA
KRW-AXS,2023-04-07-00:00,2023-04-08-00:00,"[0.1875, 0.0875, 0.105, 0.07, 0.1175, 0.0975, 0.08, 0.07, 0.08, 0.105]",second,TA
KRW-AXS,2023-04-06-00:00,2023-04-07-00:00,"[0.27, 0.1875, 0.1775, 0.0575, 0.12, 0.0425, 0.055, 0.0425, 0.0475]",first,TA
KRW-AXS,2023-04-06-00:00,2023-04-07-00:00,"[0.1575, 0.095, 0.11, 0.105, 0.0925, 0.09, 0.0975, 0.0625, 0.1075, 0.0825]",second,TA
KRW-AXS,2023-04-05-00:00,2023-04-06-00:00,"[0.3325, 0.18, 0.1475, 0.0825, 0.065, 0.0575, 0.075, 0.02, 0.04]",first,TA
KRW-AXS,2023-04-05-00:00,2023-04-06-00:00,"[0.16, 0.1275, 0.1025, 0.0725, 0.0825, 0.0725, 0.0875, 0.08, 0.1025, 0.1125]",second,TA
KRW-AXS,2023-04-04-00:00,2023-04-05-00:00,"[0.36, 0.2175, 0.1525, 0.0725, 0.0475, 0.0575, 0.045, 0.0125, 0.035]",first,TA
KRW-AXS,2023-04-04-00:00,2023-04-05-00:00,"[0.1975, 0.1475, 0.11, 0.0825, 0.0875, 0.0625, 0.075, 0.0775, 0.065, 0.095]",second,TA
KRW-AXS,2023-04-03-00:00,2023-04-04-00:00,"[0.33, 0.1875, 0.1625, 0.0875, 0.08, 0.06, 0.045, 0.0125, 0.035]",first,TA
KRW-AXS,2023-04-03-00:00,2023-04-04-00:00,"[0.1975, 0.13, 0.115, 0.1, 0.11, 0.07, 0.0625, 0.0875, 0.045, 0.0825]",second,TA
KRW-AXS,2023-04-02-00:00,2023-04-03-00:00,"[0.3425, 0.135, 0.165, 0.0875, 0.0775, 0.075, 0.05, 0.03, 0.0375]",first,TA
KRW-AXS,2023-04-02-00:00,2023-04-03-00:00,"[0.17, 0.135, 0.1, 0.1025, 0.105, 0.0775, 0.05, 0.085, 0.045, 0.13]",second,TA
KRW-AXS,2023-04-01-00:00,2023-04-02-00:00,"[0.325, 0.11, 0.19, 0.1, 0.085, 0.05, 0.05, 0.03, 0.06]",first,TA
KRW-AXS,2023-04-01-00:00,2023-04-02-00:00,"[0.19, 0.105, 0.095, 0.08, 0.105, 0.08, 0.07, 0.095, 0.035, 0.145]",second,TA
KRW-AXS,2023-03-31-00:00,2023-04-01-00:00,"[0.3125, 0.1825, 0.16, 0.07, 0.0925, 0.04, 0.0575, 0.05, 0.035]",first,TA
KRW-AXS,2023-03-31-00:00,2023-04-01-00:00,"[0.2075, 0.1275, 0.1075, 0.075, 0.0775, 0.0775, 0.0575, 0.0775, 0.09, 0.1025]",second,TA
KRW-AXS,2023-03-30-00:00,2023-03-31-00:00,"[0.325, 0.175, 0.1475, 0.0875, 0.11, 0.0375, 0.04, 0.0375, 0.04]",first,TA
KRW-AXS,2023-03-30-00:00,2023-03-31-00:00,"[0.19, 0.1175, 0.1, 0.085, 0.08, 0.0725, 0.08, 0.075, 0.0925, 0.1075]",second,TA
KRW-AXS,2023-03-29-00:00,2023-03-30-00:00,"[0.3175, 0.17, 0.1875, 0.075, 0.0675, 0.0425, 0.0325, 0.0575, 0.05]",first,TA
KRW-AXS,2023-03-29-00:00,2023-03-30-00:00,"[0.1525, 0.105, 0.1075, 0.1125, 0.0725, 0.07, 0.09, 0.0975, 0.0825, 0.11]",second,TA
KRW-AXS,2023-03-28-00:00,2023-03-29-00:00,"[0.325, 0.17, 0.1625, 0.065, 0.0475, 0.0475, 0.0575, 0.0575, 0.0675]",first,TA
KRW-AXS,2023-03-28-00:00,2023-03-29-00:00,"[0.175, 0.12, 0.0975, 0.1025, 0.085, 0.075, 0.085, 0.075, 0.0875, 0.0975]",second,TA
KRW-AXS,2023-03-27-00:00,2023-03-28-00:00,"[0.2875, 0.1675, 0.1825, 0.1125, 0.0775, 0.0475, 0.045, 0.025, 0.055]",first,TA
KRW-AXS,2023-03-27-00:00,2023-03-28-00:00,"[0.2, 0.11, 0.085, 0.11, 0.0975, 0.075, 0.065, 0.0625, 0.1, 0.095]",second,TA
KRW-AXS,2023-03-26-00:00,2023-03-27-00:00,"[0.275, 0.185, 0.205, 0.12, 0.075, 0.055, 0.025, 0.02, 0.04]",first,TA
KRW-AXS,2023-03-26-00:00,2023-03-27-00:00,"[0.19, 0.13, 0.095, 0.135, 0.1, 0.055, 0.07, 0.045, 0.085, 0.095]",second,TA
KRW-AXS,2023-03-25-00:00,2023-03-26-00:00,"[0.3075, 0.1975, 0.175, 0.065, 0.07, 0.0675, 0.0325, 0.04, 0.045]",first,TA
KRW-AXS,2023-03-25-00:00,2023-03-26-00:00,"[0.155, 0.1325, 0.1, 0.0925, 0.0975, 0.0975, 0.0875, 0.055, 0.0825, 0.1]",second,TA
KRW-AXS,2023-03-24-00:00,2023-03-25-00:00,"[0.3075, 0.1675, 0.165, 0.085, 0.0725, 0.055, 0.0325, 0.0575, 0.0575]",first,TA
KRW-AXS,2023-03-24-00:00,2023-03-25-00:00,"[0.1775, 0.13, 0.1, 0.0775, 0.065, 0.0875, 0.0975, 0.075, 0.075, 0.115]",second,TA
KRW-AXS,2023-03-23-00:00,2023-03-24-00:00,"[0.32, 0.175, 0.1625, 0.0775, 0.0925, 0.0325, 0.0425, 0.0375, 0.06]",first,TA
KRW-AXS,2023-03-23-00:00,2023-03-24-00:00,"[0.1825, 0.14, 0.1075, 0.1, 0.1, 0.0725, 0.08, 0.0675, 0.0625, 0.0875]",second,TA
KRW-AXS,2023-03-22-00:00,2023-03-23-00:00,"[0.285, 0.1425, 0.2, 0.0875, 0.09, 0.0575, 0.0425, 0.0375, 0.0575]",first,TA
KRW-AXS,2023-03-22-00:00,2023-03-23-00:00,"[0.13, 0.1325, 0.08, 0.1, 0.0725, 0.0825, 0.1025, 0.0875, 0.0925, 0.12]",second,TA
KRW-AXS,2023-03-21-00:00,2023-03-22-00:00,"[0.28, 0.165, 0.14, 0.0725, 0.095, 0.075, 0.055, 0.04, 0.0775]",first,TA
KRW-AXS,2023-03-21-00:00,2023-03-22-00:00,"[0.14, 0.1, 0.0825, 0.1175, 0.095, 0.08, 0.0925, 0.085, 0.1075, 0.1]",second,TA
KRW-AXS,2023-03-20-00:00,2023-03-21-00:00,"[0.2725, 0.15, 0.175, 0.14, 0.0725, 0.05, 0.065, 0.0475, 0.0275]",first,TA
KRW-AXS,2023-03-20-00:00,2023-03-21-00:00,"[0.155, 0.1125, 0.1125, 0.1, 0.0925, 0.0725, 0.0725, 0.1025, 0.085, 0.095]",second,TA
KRW-AXS,2023-03-19-00:00,2023-03-20-00:00,"[0.2725, 0.1825, 0.16, 0.14, 0.0575, 0.0575, 0.065, 0.02, 0.045]",first,TA
KRW-AXS,2023-03-19-00:00,2023-03-20-00:00,"[0.115, 0.1075, 0.1175, 0.1175, 0.0925, 0.0625, 0.09, 0.0975, 0.1025, 0.0975]",second,TA
KRW-AXS,2023-03-18-00:00,2023-03-19-00:00,"[0.2275, 0.1625, 0.2275, 0.09, 0.08, 0.055, 0.065, 0.05, 0.0425]",first,TA
KRW-AXS,2023-03-18-00:00,2023-03-19-00:00,"[0.1425, 0.1125, 0.0825, 0.1125, 0.095, 0.06, 0.105, 0.0775, 0.1025, 0.11]",second,TA
KRW-AXS,2023-03-17-00:00,2023-03-18-00:00,"[0.2825, 0.145, 0.2475, 0.06, 0.105, 0.0475, 0.045, 0.0275, 0.04]",first,TA
KRW-AXS,2023-03-17-00:00,2023-03-18-00:00,"[0.16, 0.15, 0.0975, 0.0975, 0.0975, 0.0725, 0.0775, 0.0925, 0.08, 0.075]",second,TA
KRW-AXS,2023-03-16-00:00,2023-03-17-00:00,"[0.28, 0.1625, 0.225, 0.0775, 0.0725, 0.07, 0.045, 0.0425, 0.025]",first,TA
KRW-AXS,2023-03-16-00:00,2023-03-17-00:00,"[0.1125, 0.0975, 0.1125, 0.0975, 0.105, 0.1025, 0.09, 0.115, 0.08, 0.0875]",second,TA
KRW-AXS,2023-03-15-00:00,2023-03-16-00:00,"[0.3075, 0.1875, 0.165, 0.085, 0.0725, 0.05, 0.0675, 0.0375, 0.0275]",first,TA
KRW-AXS,2023-03-15-00:00,2023-03-16-00:00,"[0.1375, 0.105, 0.08, 0.085, 0.08, 0.115, 0.1125, 0.08, 0.1025, 0.1025]",second,TA
KRW-AXS,2023-03-14-00:00,2023-03-15-00:00,"[0.305, 0.16, 0.135, 0.0875, 0.1025, 0.065, 0.07, 0.0375, 0.0375]",first,TA
KRW-AXS,2023-03-14-00:00,2023-03-15-00:00,"[0.1375, 0.1075, 0.11, 0.095, 0.075, 0.095, 0.1025, 0.0775, 0.1, 0.1]",second,TA
KRW-AXS,2023-03-13-00:00,2023-03-14-00:00,"[0.3025, 0.1775, 0.175, 0.085, 0.07, 0.075, 0.035, 0.0325, 0.0475]",first,TA
KRW-AXS,2023-03-13-00:00,2023-03-14-00:00,"[0.175, 0.095, 0.0725, 0.0775, 0.065, 0.1175, 0.105, 0.0925, 0.11, 0.09]",second,TA
KRW-AXS,2023-03-12-00:00,2023-03-13-00:00,"[0.2925, 0.1675, 0.2075, 0.0475, 0.065, 0.045, 0.0475, 0.06, 0.0675]",first,TA
KRW-AXS,2023-03-12-00:00,2023-03-13-00:00,"[0.1875, 0.0875, 0.1, 0.08, 0.0775, 0.0675, 0.1075, 0.0925, 0.0825, 0.1175]",second,TA
KRW-AXS,2023-03-11-00:00,2023-03-12-00:00,"[0.3325, 0.1875, 0.1375, 0.0775, 0.08, 0.0325, 0.0575, 0.045, 0.05]",first,TA
KRW-AXS,2023-03-11-00:00,2023-03-12-00:00,"[0.1375, 0.0925, 0.0975, 0.085, 0.0875, 0.11, 0.115, 0.0725, 0.085, 0.1175]",second,TA
KRW-AXS,2023-03-10-00:00,2023-03-11-00:00,"[0.3225, 0.165, 0.13, 0.1175, 0.0625, 0.055, 0.0525, 0.045, 0.05]",first,TA
KRW-AXS,2023-03-10-00:00,2023-03-11-00:00,"[0.155, 0.1125, 0.1075, 0.0975, 0.07, 0.0925, 0.0975, 0.07, 0.0975, 0.1]",second,TA
KRW-AXS,2023-03-09-00:00,2023-03-10-00:00,"[0.3625, 0.1575, 0.1825, 0.0675, 0.0425, 0.0725, 0.035, 0.05, 0.03]",first,TA
KRW-AXS,2023-03-09-00:00,2023-03-10-00:00,"[0.14, 0.0975, 0.125, 0.06, 0.0925, 0.0975, 0.12, 0.0575, 0.0825, 0.1275]",second,TA
KRW-AXS,2023-03-08-00:00,2023-03-09-00:00,"[0.36, 0.185, 0.1575, 0.0825, 0.0675, 0.045, 0.045, 0.02, 0.0375]",first,TA
KRW-AXS,2023-03-08-00:00,2023-03-09-00:00,"[0.19, 0.0675, 0.075, 0.07, 0.0625, 0.1125, 0.11, 0.0775, 0.0825, 0.1525]",second,TA
KRW-AXS,2023-03-07-00:00,2023-03-08-00:00,"[0.275, 0.19, 0.1875, 0.0875, 0.0575, 0.0775, 0.04, 0.0425, 0.0425]",first,TA
KRW-AXS,2023-03-07-00:00,2023-03-08-00:00,"[0.17, 0.115, 0.1, 0.08, 0.08, 0.0875, 0.1075, 0.0825, 0.0775, 0.1]",second,TA
KRW-AXS,2023-03-06-00:00,2023-03-07-00:00,"[0.3, 0.1775, 0.2025, 0.0575, 0.07, 0.0725, 0.05, 0.02, 0.05]",first,TA
KRW-AXS,2023-03-06-00:00,2023-03-07-00:00,"[0.145, 0.1125, 0.085, 0.08, 0.08, 0.0725, 0.1, 0.1225, 0.0525, 0.15]",second,TA
KRW-AXS,2023-03-05-00:00,2023-03-06-00:00,"[0.3025, 0.1675, 0.1775, 0.09, 0.07, 0.0625, 0.045, 0.02, 0.065]",first,TA
KRW-AXS,2023-03-05-00:00,2023-03-06-00:00,"[0.1625, 0.1, 0.0825, 0.085, 0.1125, 0.0775, 0.0825, 0.1075, 0.065, 0.125]",second,TA
KRW-AXS,2023-03-04-00:00,2023-03-05-00:00,"[0.28, 0.18, 0.15, 0.1225, 0.0775, 0.07, 0.035, 0.0375, 0.0475]",first,TA
KRW-AXS,2023-03-04-00:00,2023-03-05-00:00,"[0.17, 0.1025, 0.12, 0.0875, 0.0875, 0.0775, 0.1, 0.0925, 0.07, 0.0925]",second,TA
KRW-AXS,2023-03-03-00:00,2023-03-04-00:00,"[0.2925, 0.1525, 0.185, 0.0975, 0.07, 0.0725, 0.0475, 0.045, 0.0375]",first,TA
KRW-AXS,2023-03-03-00:00,2023-03-04-00:00,"[0.145, 0.0975, 0.1175, 0.0725, 0.0925, 0.0875, 0.125, 0.09, 0.065, 0.1075]",second,TA
KRW-AXS,2023-03-02-00:00,2023-03-03-00:00,"[0.27, 0.115, 0.18, 0.1125, 0.085, 0.055, 0.07, 0.065, 0.0475]",first,TA
KRW-AXS,2023-03-02-00:00,2023-03-03-00:00,"[0.1625, 0.105, 0.0825, 0.1175, 0.0725, 0.0875, 0.095, 0.07, 0.0725, 0.135]",second,TA
KRW-AXS,2023-03-01-00:00,2023-03-02-00:00,"[0.255, 0.135, 0.155, 0.125, 0.11, 0.0275, 0.0575, 0.07, 0.065]",first,TA
KRW-AXS,2023-03-01-00:00,2023-03-02-00:00,"[0.1775, 0.1175, 0.0875, 0.1325, 0.0875, 0.0775, 0.1075, 0.0525, 0.065, 0.095]",second,TA
KRW-AXS,2023-02-28-00:00,2023-03-01-00:00,"[0.2125, 0.1575, 0.185, 0.1375, 0.1125, 0.045, 0.035, 0.055, 0.06]",first,TA
KRW-AXS,2023-02-28-00:00,2023-03-01-00:00,"[0.1625, 0.12, 0.085, 0.11, 0.0925, 0.07, 0.0975, 0.085, 0.0825, 0.095]",second,TA
KRW-AXS,2023-02-27-00:00,2023-02-28-00:00,"[0.315, 0.115, 0.1575, 0.105, 0.1, 0.0575, 0.05, 0.055, 0.045]",first,TA
KRW-AXS,2023-02-27-00:00,2023-02-28-00:00,"[0.1675, 0.105, 0.0725, 0.1475, 0.09, 0.095, 0.0925, 0.0775, 0.055, 0.0975]",second,TA
KRW-AXS,2023-02-26-00:00,2023-02-27-00:00,"[0.2675, 0.135, 0.17, 0.1175, 0.095, 0.0775, 0.0675, 0.0375, 0.0325]",first,TA
KRW-AXS,2023-02-26-00:00,2023-02-27-00:00,"[0.135, 0.085, 0.0975, 0.155, 0.09, 0.0875, 0.1075, 0.07, 0.08, 0.0925]",second,TA
KRW-AXS,2023-02-25-00:00,2023-02-26-00:00,"[0.285, 0.14, 0.1625, 0.1225, 0.09, 0.055, 0.055, 0.0475, 0.0425]",first,TA
KRW-AXS,2023-02-25-00:00,2023-02-26-00:00,"[0.1475, 0.1, 0.0925, 0.1025, 0.085, 0.105, 0.1075, 0.095, 0.065, 0.1]",second,TA
KRW-AXS,2023-02-24-00:00,2023-02-25-00:00,"[0.3025, 0.1325, 0.12, 0.1275, 0.0925, 0.0675, 0.055, 0.06, 0.0425]",first,TA
KRW-AXS,2023-02-24-00:00,2023-02-25-00:00,"[0.165, 0.0825, 0.105, 0.1425, 0.095, 0.09, 0.0675, 0.0975, 0.0675, 0.0875]",second,TA
KRW-AXS,2023-02-23-00:00,2023-02-24-00:00,"[0.305, 0.155, 0.14, 0.105, 0.095, 0.0325, 0.0425, 0.0725, 0.0525]",first,TA
KRW-AXS,2023-02-23-00:00,2023-02-24-00:00,"[0.18, 0.115, 0.1, 0.16, 0.08, 0.0975, 0.065, 0.0675, 0.0675, 0.0675]",second,TA
KRW-AXS,2023-02-22-00:00,2023-02-23-00:00,"[0.3, 0.165, 0.095, 0.12, 0.1125, 0.0375, 0.07, 0.055, 0.045]",first,TA
KRW-AXS,2023-02-22-00:00,2023-02-23-00:00,"[0.1025, 0.115, 0.1125, 0.17, 0.09, 0.0575, 0.1025, 0.11, 0.065, 0.075]",second,TA
KRW-AXS,2023-02-21-00:00,2023-02-22-00:00,"[0.2725, 0.155, 0.1325, 0.115, 0.0875, 0.08, 0.0575, 0.0625, 0.0375]",first,TA
KRW-AXS,2023-02-21-00:00,2023-02-22-00:00,"[0.16, 0.09, 0.085, 0.1125, 0.1375, 0.0825, 0.0975, 0.07, 0.065, 0.1]",second,TA
KRW-AXS,2023-02-20-00:00,2023-02-21-00:00,"[0.3075, 0.1725, 0.1025, 0.1175, 0.12, 0.035, 0.05, 0.05, 0.045]",first,TA
KRW-AXS,2023-02-20-00:00,2023-02-21-00:00,"[0.125, 0.0975, 0.075, 0.1175, 0.1125, 0.115, 0.11, 0.0775, 0.0725, 0.0975]",second,TA
KRW-AXS,2023-02-19-00:00,2023-02-20-00:00,"[0.315, 0.1775, 0.1275, 0.0925, 0.095, 0.0525, 0.05, 0.045, 0.045]",first,TA
KRW-AXS,2023-02-19-00:00,2023-02-20-00:00,"[0.155, 0.09, 0.0775, 0.105, 0.12, 0.095, 0.0725, 0.075, 0.1, 0.11]",second,TA
KRW-AXS,2023-02-18-00:00,2023-02-19-00:00,"[0.265, 0.1675, 0.125, 0.12, 0.12, 0.055, 0.06, 0.035, 0.0525]",first,TA
KRW-AXS,2023-02-18-00:00,2023-02-19-00:00,"[0.1625, 0.085, 0.095, 0.13, 0.105, 0.0925, 0.09, 0.0625, 0.0875, 0.09]",second,TA
KRW-AXS,2023-02-17-00:00,2023-02-18-00:00,"[0.3175, 0.1475, 0.12, 0.1325, 0.085, 0.065, 0.035, 0.045, 0.0525]",first,TA
KRW-AXS,2023-02-17-00:00,2023-02-18-00:00,"[0.15, 0.105, 0.085, 0.155, 0.0725, 0.0725, 0.0825, 0.1275, 0.0775, 0.0725]",second,TA
KRW-AXS,2023-02-16-00:00,2023-02-17-00:00,"[0.3375, 0.135, 0.125, 0.125, 0.0875, 0.06, 0.0325, 0.04, 0.0575]",first,TA
KRW-AXS,2023-02-16-00:00,2023-02-17-00:00,"[0.165, 0.12, 0.0775, 0.105, 0.1175, 0.095, 0.08, 0.095, 0.0675, 0.0775]",second,TA
KRW-AXS,2023-02-15-00:00,2023-02-16-00:00,"[0.3325, 0.16, 0.14, 0.09, 0.0725, 0.065, 0.0525, 0.055, 0.0325]",first,TA
KRW-AXS,2023-02-15-00:00,2023-02-16-00:00,"[0.1875, 0.1075, 0.11, 0.105, 0.0975, 0.105, 0.0525, 0.0575, 0.105, 0.0725]",second,TA
KRW-AXS,2023-02-14-00:00,2023-02-15-00:00,"[0.29, 0.1375, 0.15, 0.1275, 0.0875, 0.0475, 0.0675, 0.05, 0.0425]",first,TA
KRW-AXS,2023-02-14-00:00,2023-02-15-00:00,"[0.205, 0.0925, 0.1275, 0.0725, 0.105, 0.06, 0.0625, 0.085, 0.075, 0.115]",second,TA
KRW-AXS,2023-02-13-00:00,2023-02-14-00:00,"[0.3375, 0.15, 0.1275, 0.0825, 0.065, 0.08, 0.0825, 0.0475, 0.0275]",first,TA
KRW-AXS,2023-02-13-00:00,2023-02-14-00:00,"[0.1625, 0.1025, 0.1175, 0.115, 0.09, 0.09, 0.1075, 0.07, 0.0725, 0.0725]",second,TA
KRW-AXS,2023-02-12-00:00,2023-02-13-00:00,"[0.2925, 0.1525, 0.135, 0.125, 0.1, 0.05, 0.04, 0.055, 0.05]",first,TA
KRW-AXS,2023-02-12-00:00,2023-02-13-00:00,"[0.195, 0.11, 0.0925, 0.0975, 0.1075, 0.0875, 0.085, 0.0825, 0.0475, 0.095]",second,TA
KRW-AXS,2023-02-11-00:00,2023-02-12-00:00,"[0.355, 0.145, 0.1525, 0.105, 0.0825, 0.0625, 0.0325, 0.035, 0.03]",first,TA
KRW-AXS,2023-02-11-00:00,2023-02-12-00:00,"[0.2025, 0.11, 0.1025, 0.1225, 0.09, 0.0575, 0.075, 0.0825, 0.0875, 0.07]",second,TA
KRW-AXS,2023-02-10-00:00,2023-02-11-00:00,"[0.3475, 0.14, 0.1375, 0.075, 0.0875, 0.06, 0.05, 0.0575, 0.045]",first,TA
KRW-AXS,2023-02-10-00:00,2023-02-11-00:00,"[0.155, 0.0975, 0.1, 0.1025, 0.13, 0.1, 0.09, 0.08, 0.08, 0.065]",second,TA
KRW-AXS,2023-02-09-00:00,2023-02-10-00:00,"[0.3275, 0.1575, 0.145, 0.1025, 0.085, 0.05, 0.065, 0.035, 0.0325]",first,TA
KRW-AXS,2023-02-09-00:00,2023-02-10-00:00,"[0.15, 0.0875, 0.0775, 0.11, 0.085, 0.1325, 0.08, 0.0975, 0.08, 0.1]",second,TA
KRW-AXS,2023-02-08-00:00,2023-02-09-00:00,"[0.335, 0.165, 0.13, 0.0775, 0.1075, 0.05, 0.0575, 0.045, 0.0325]",first,TA
KRW-AXS,2023-02-08-00:00,2023-02-09-00:00,"[0.155, 0.1125, 0.07, 0.1025, 0.0875, 0.1175, 0.105, 0.0725, 0.0725, 0.105]",second,TA
KRW-AXS,2023-02-07-00:00,2023-02-08-00:00,"[0.3375, 0.1425, 0.145, 0.14, 0.06, 0.0575, 0.0475, 0.0275, 0.0425]",first,TA
KRW-AXS,2023-02-07-00:00,2023-02-08-00:00,"[0.18, 0.1125, 0.09, 0.115, 0.09, 0.07, 0.0825, 0.0975, 0.0725, 0.09]",second,TA
KRW-AXS,2023-02-06-00:00,2023-02-07-00:00,"[0.325, 0.16, 0.1575, 0.12, 0.0675, 0.0425, 0.03, 0.055, 0.0425]",first,TA
KRW-AXS,2023-02-06-00:00,2023-02-07-00:00,"[0.16, 0.12, 0.085, 0.1325, 0.075, 0.0825, 0.075, 0.085, 0.09, 0.095]",second,TA
KRW-AXS,2023-02-05-00:00,2023-02-06-00:00,"[0.2375, 0.1425, 0.1075, 0.1525, 0.1, 0.0525, 0.0575, 0.0825, 0.0675]",first,TA
KRW-AXS,2023-02-05-00:00,2023-02-06-00:00,"[0.15, 0.1275, 0.085, 0.105, 0.115, 0.0725, 0.0725, 0.1, 0.0775, 0.095]",second,TA
KRW-AXS,2023-02-04-00:00,2023-02-05-00:00,"[0.3225, 0.1625, 0.1275, 0.1275, 0.0675, 0.05, 0.0475, 0.0425, 0.0525]",first,TA
KRW-AXS,2023-02-04-00:00,2023-02-05-00:00,"[0.135, 0.125, 0.1125, 0.105, 0.1175, 0.0975, 0.0775, 0.0625, 0.08, 0.0875]",second,TA
KRW-AXS,2023-02-03-00:00,2023-02-04-00:00,"[0.3175, 0.1575, 0.1525, 0.115, 0.07, 0.0325, 0.065, 0.055, 0.035]",first,TA
KRW-AXS,2023-02-03-00:00,2023-02-04-00:00,"[0.18, 0.0975, 0.0925, 0.11, 0.1125, 0.095, 0.08, 0.0675, 0.0775, 0.0875]",second,TA
KRW-AXS,2023-02-02-00:00,2023-02-03-00:00,"[0.3375, 0.14, 0.1125, 0.135, 0.07, 0.0625, 0.0575, 0.0375, 0.0475]",first,TA
KRW-AXS,2023-02-02-00:00,2023-02-03-00:00,"[0.16, 0.1075, 0.13, 0.1025, 0.115, 0.115, 0.0625, 0.0525, 0.075, 0.08]",second,TA
KRW-AXS,2023-02-01-00:00,2023-02-02-00:00,"[0.3025, 0.175, 0.15, 0.09, 0.0675, 0.0725, 0.0725, 0.0425, 0.0275]",first,TA
KRW-AXS,2023-02-01-00:00,2023-02-02-00:00,"[0.1475, 0.11, 0.08, 0.115, 0.13, 0.085, 0.0975, 0.07, 0.0625, 0.1025]",second,TA
KRW-AXS,2023-01-31-00:00,2023-02-01-00:00,"[0.305, 0.18, 0.1, 0.1175, 0.0825, 0.0625, 0.0575, 0.035, 0.06]",first,TA
KRW-AXS,2023-01-31-00:00,2023-02-01-00:00,"[0.1675, 0.0975, 0.105, 0.1075, 0.115, 0.095, 0.0675, 0.0975, 0.08, 0.0675]",second,TA
KRW-AXS,2023-01-30-00:00,2023-01-31-00:00,"[0.3075, 0.1625, 0.1375, 0.1175, 0.075, 0.0525, 0.055, 0.0325, 0.06]",first,TA
KRW-AXS,2023-01-30-00:00,2023-01-31-00:00,"[0.1425, 0.1525, 0.1025, 0.0875, 0.125, 0.105, 0.065, 0.0675, 0.0525, 0.1]",second,TA
KRW-AXS,2023-01-29-00:00,2023-01-30-00:00,"[0.2875, 0.18, 0.1525, 0.0875, 0.0675, 0.0575, 0.06, 0.0625, 0.045]",first,TA
KRW-AXS,2023-01-29-00:00,2023-01-30-00:00,"[0.1275, 0.08, 0.0825, 0.1125, 0.1225, 0.0875, 0.1125, 0.0775, 0.095, 0.1025]",second,TA
KRW-AXS,2023-01-28-00:00,2023-01-29-00:00,"[0.28, 0.1925, 0.095, 0.13, 0.065, 0.0675, 0.0525, 0.05, 0.0675]",first,TA
KRW-AXS,2023-01-28-00:00,2023-01-29-00:00,"[0.1375, 0.11, 0.1, 0.1175, 0.085, 0.11, 0.0575, 0.0975, 0.0925, 0.0925]",second,TA
KRW-AXS,2023-01-27-00:00,2023-01-28-00:00,"[0.285, 0.175, 0.0975, 0.135, 0.0975, 0.0425, 0.045, 0.06, 0.0625]",first,TA
KRW-AXS,2023-01-27-00:00,2023-01-28-00:00,"[0.125, 0.0975, 0.135, 0.1, 0.1025, 0.0975, 0.065, 0.075, 0.1025, 0.1]",second,TA
KRW-AXS,2023-01-26-00:00,2023-01-27-00:00,"[0.2825, 0.18, 0.1425, 0.0925, 0.1125, 0.0425, 0.055, 0.0625, 0.03]",first,TA
KRW-AXS,2023-01-26-00:00,2023-01-27-00:00,"[0.1575, 0.11, 0.115, 0.0675, 0.1275, 0.085, 0.0675, 0.0725, 0.095, 0.1025]",second,TA
KRW-AXS,2023-01-25-00:00,2023-01-26-00:00,"[0.3225, 0.1475, 0.1325, 0.0875, 0.08, 0.0525, 0.0775, 0.0525, 0.0475]",first,TA
KRW-AXS,2023-01-25-00:00,2023-01-26-00:00,"[0.1275, 0.1075, 0.095, 0.0775, 0.1075, 0.0975, 0.105, 0.085, 0.105, 0.0925]",second,TA
KRW-AXS,2023-01-24-00:00,2023-01-25-00:00,"[0.325, 0.1625, 0.0925, 0.1, 0.0925, 0.07, 0.0725, 0.035, 0.05]",first,TA
KRW-AXS,2023-01-24-00:00,2023-01-25-00:00,"[0.13, 0.1425, 0.105, 0.0925, 0.0975, 0.0825, 0.0875, 0.105, 0.1, 0.0575]",second,TA
KRW-AXS,2023-01-23-00:00,2023-01-24-00:00,"[0.28, 0.1675, 0.09, 0.0925, 0.0925, 0.08, 0.0625, 0.0575, 0.0775]",first,TA
KRW-AXS,2023-01-23-00:00,2023-01-24-00:00,"[0.1475, 0.14, 0.0925, 0.1025, 0.0875, 0.11, 0.07, 0.09, 0.0825, 0.0775]",second,TA
KRW-AXS,2023-01-22-00:00,2023-01-23-00:00,"[0.2625, 0.1575, 0.1325, 0.09, 0.12, 0.07, 0.045, 0.0625, 0.06]",first,TA
KRW-AXS,2023-01-22-00:00,2023-01-23-00:00,"[0.1525, 0.1175, 0.075, 0.0825, 0.0775, 0.135, 0.1, 0.0825, 0.0875, 0.09]",second,TA
KRW-AXS,2023-01-21-00:00,2023-01-22-00:00,"[0.2825, 0.1775, 0.125, 0.13, 0.09, 0.0475, 0.06, 0.0475, 0.04]",first,TA
KRW-AXS,2023-01-21-00:00,2023-01-22-00:00,"[0.17, 0.1275, 0.1025, 0.085, 0.095, 0.0825, 0.0825, 0.095, 0.095, 0.065]",second,TA
KRW-AXS,2023-01-20-00:00,2023-01-21-00:00,"[0.375, 0.1775, 0.1325, 0.0825, 0.1025, 0.035, 0.03, 0.025, 0.04]",first,TA
KRW-AXS,2023-01-20-00:00,2023-01-21-00:00,"[0.25, 0.125, 0.085, 0.06, 0.11, 0.0725, 0.0675, 0.08, 0.06, 0.09]",second,TA
KRW-AXS,2023-01-19-00:00,2023-01-20-00:00,"[0.375, 0.185, 0.1325, 0.07, 0.0925, 0.04, 0.0275, 0.0175, 0.06]",first,TA
KRW-AXS,2023-01-19-00:00,2023-01-20-00:00,"[0.2475, 0.0875, 0.0925, 0.08, 0.1, 0.0775, 0.0675, 0.085, 0.0675, 0.095]",second,TA
KRW-AXS,2023-01-18-00:00,2023-01-19-00:00,"[0.345, 0.18, 0.11, 0.0625, 0.085, 0.07, 0.055, 0.0525, 0.04]",first,TA
KRW-AXS,2023-01-18-00:00,2023-01-19-00:00,"[0.2675, 0.0825, 0.0925, 0.105, 0.07, 0.0725, 0.075, 0.085, 0.065, 0.085]",second,TA
KRW-AXS,2023-01-17-00:00,2023-01-18-00:00,"[0.3525, 0.1925, 0.1075, 0.06, 0.1, 0.0625, 0.0375, 0.04, 0.0475]",first,TA
KRW-AXS,2023-01-17-00:00,2023-01-18-00:00,"[0.2075, 0.1175, 0.105, 0.1025, 0.07, 0.0725, 0.0975, 0.075, 0.0575, 0.095]",second,TA
KRW-AXS,2023-01-16-00:00,2023-01-17-00:00,"[0.3375, 0.16, 0.1275, 0.085, 0.0875, 0.08, 0.045, 0.0275, 0.05]",first,TA
KRW-AXS,2023-01-16-00:00,2023-01-17-00:00,"[0.1925, 0.1225, 0.115, 0.07, 0.0925, 0.08, 0.085, 0.06, 0.0825, 0.1]",second,TA
KRW-AXS,2023-01-15-00:00,2023-01-16-00:00,"[0.405, 0.145, 0.1225, 0.06, 0.085, 0.045, 0.0325, 0.05, 0.055]",first,TA
KRW-AXS,2023-01-15-00:00,2023-01-16-00:00,"[0.225, 0.11, 0.095, 0.1075, 0.0675, 0.08, 0.0875, 0.0975, 0.0575, 0.0725]",second,TA
KRW-AXS,2023-01-14-00:00,2023-01-15-00:00,"[0.2825, 0.21, 0.1525, 0.09, 0.08, 0.0575, 0.06, 0.0425, 0.025]",first,TA
KRW-AXS,2023-01-14-00:00,2023-01-15-00:00,"[0.1625, 0.12, 0.0775, 0.0925, 0.0925, 0.1125, 0.075, 0.0825, 0.105, 0.08]",second,TA
KRW-AXS,2023-01-13-00:00,2023-01-14-00:00,"[0.36, 0.1725, 0.085, 0.075, 0.1075, 0.055, 0.045, 0.035, 0.065]",first,TA
KRW-AXS,2023-01-13-00:00,2023-01-14-00:00,"[0.2275, 0.115, 0.07, 0.1, 0.0675, 0.085, 0.07, 0.06, 0.0925, 0.1125]",second,TA
KRW-AXS,2023-01-12-00:00,2023-01-13-00:00,"[0.3275, 0.22, 0.105, 0.1, 0.08, 0.0425, 0.05, 0.0325, 0.0425]",first,TA
KRW-AXS,2023-01-12-00:00,2023-01-13-00:00,"[0.2, 0.11, 0.085, 0.0975, 0.08, 0.0875, 0.1175, 0.0775, 0.0625, 0.0825]",second,TA
KRW-AXS,2023-01-11-00:00,2023-01-12-00:00,"[0.3375, 0.185, 0.0975, 0.07, 0.1075, 0.0675, 0.03, 0.0475, 0.0575]",first,TA
KRW-AXS,2023-01-11-00:00,2023-01-12-00:00,"[0.205, 0.09, 0.1075, 0.14, 0.11, 0.0775, 0.0875, 0.0725, 0.0525, 0.0575]",second,TA
KRW-AXS,2023-01-10-00:00,2023-01-11-00:00,"[0.3525, 0.16, 0.1, 0.09, 0.09, 0.065, 0.0425, 0.04, 0.06]",first,TA
KRW-AXS,2023-01-10-00:00,2023-01-11-00:00,"[0.2, 0.0925, 0.1025, 0.0875, 0.0925, 0.09, 0.0775, 0.1, 0.06, 0.0975]",second,TA
KRW-AXS,2023-01-09-00:00,2023-01-10-00:00,"[0.3425, 0.195, 0.095, 0.075, 0.1025, 0.045, 0.055, 0.035, 0.055]",first,TA
KRW-AXS,2023-01-09-00:00,2023-01-10-00:00,"[0.2075, 0.1325, 0.1025, 0.085, 0.095, 0.06, 0.06, 0.085, 0.0675, 0.105]",second,TA
KRW-AXS,2023-01-08-00:00,2023-01-09-00:00,"[0.315, 0.21, 0.1, 0.095, 0.1075, 0.0375, 0.0325, 0.055, 0.0475]",first,TA
KRW-AXS,2023-01-08-00:00,2023-01-09-00:00,"[0.1775, 0.09, 0.09, 0.0925, 0.0825, 0.08, 0.0725, 0.115, 0.0975, 0.1025]",second,TA
KRW-AXS,2023-01-07-00:00,2023-01-08-00:00,"[0.33, 0.205, 0.0775, 0.085, 0.085, 0.0425, 0.06, 0.065, 0.05]",first,TA
KRW-AXS,2023-01-07-00:00,2023-01-08-00:00,"[0.24, 0.0975, 0.085, 0.0825, 0.0875, 0.0975, 0.075, 0.0625, 0.09, 0.0825]",second,TA
KRW-AXS,2023-01-06-00:00,2023-01-07-00:00,"[0.3325, 0.21, 0.1, 0.085, 0.0875, 0.03, 0.05, 0.0525, 0.0525]",first,TA
KRW-AXS,2023-01-06-00:00,2023-01-07-00:00,"[0.215, 0.1175, 0.1125, 0.09, 0.095, 0.0725, 0.09, 0.0575, 0.08, 0.07]",second,TA
KRW-AXS,2023-01-05-00:00,2023-01-06-00:00,"[0.305, 0.1575, 0.14, 0.1075, 0.1025, 0.0375, 0.055, 0.035, 0.06]",first,TA
KRW-AXS,2023-01-05-00:00,2023-01-06-00:00,"[0.1325, 0.0975, 0.1125, 0.105, 0.0975, 0.09, 0.1325, 0.08, 0.085, 0.0675]",second,TA
KRW-AXS,2023-01-04-00:00,2023-01-05-00:00,"[0.29, 0.1825, 0.1225, 0.095, 0.0925, 0.055, 0.04, 0.0825, 0.04]",first,TA
KRW-AXS,2023-01-04-00:00,2023-01-05-00:00,"[0.15, 0.0675, 0.1125, 0.0925, 0.1025, 0.1075, 0.12, 0.1, 0.0575, 0.09]",second,TA
KRW-AXS,2023-01-03-00:00,2023-01-04-00:00,"[0.345, 0.1925, 0.1175, 0.1025, 0.0575, 0.0525, 0.0325, 0.06, 0.04]",first,TA
KRW-AXS,2023-01-03-00:00,2023-01-04-00:00,"[0.1775, 0.0875, 0.105, 0.0875, 0.11, 0.0825, 0.1075, 0.095, 0.04, 0.1075]",second,TA
KRW-AXS,2023-01-02-00:00,2023-01-03-00:00,"[0.33, 0.15, 0.14, 0.0925, 0.1075, 0.06, 0.04, 0.0225, 0.0575]",first,TA
KRW-AXS,2023-01-02-00:00,2023-01-03-00:00,"[0.1875, 0.0975, 0.0925, 0.125, 0.11, 0.0825, 0.0925, 0.0725, 0.06, 0.08]",second,TA
KRW-AXS,2023-01-01-00:00,2023-01-02-00:00,"[0.3025, 0.1375, 0.145, 0.0925, 0.105, 0.0575, 0.05, 0.0475, 0.0625]",first,TA
KRW-AXS,2023-01-01-00:00,2023-01-02-00:00,"[0.1925, 0.115, 0.125, 0.115, 0.075, 0.0675, 0.07, 0.0875, 0.065, 0.0875]",second,TA
